byte offset: 0
first index: 0
index count: 7122
topology: trianglelist
format: DXGI_FORMAT_R16_UINT

0 1 2
0 2 3
4 5 6
4 6 7
5 8 9
5 9 6
9 10 11
9 11 6
10 12 13
10 13 11
14 15 11
14 11 13
15 7 6
15 6 11
16 17 15
16 15 14
17 18 7
17 7 15
19 18 17
19 17 20
16 21 20
16 20 17
16 22 23
16 23 21
22 16 14
22 14 24
22 25 26
22 26 23
25 22 24
25 24 27
28 29 19
28 19 30
19 20 31
19 31 30
21 23 32
21 32 33
34 18 19
34 19 29
34 4 7
34 7 18
12 35 36
12 36 13
24 14 13
24 13 36
24 36 37
24 37 27
36 35 38
36 38 37
39 40 41
39 41 42
43 37 38
43 38 44
43 45 27
43 27 37
35 46 39
35 39 38
47 46 48
47 48 49
49 48 1
49 1 0
50 26 25
50 25 51
27 45 51
27 51 25
50 52 53
50 53 26
32 23 26
32 26 53
54 55 56
54 56 57
55 54 58
55 58 59
59 58 60
59 60 61
62 63 64
62 64 65
66 67 68
66 68 69
70 71 72
70 72 73
74 73 72
74 72 75
67 66 76
67 76 77
78 79 80
78 80 81
69 68 81
69 81 80
72 82 83
72 83 75
82 84 85
82 85 83
78 81 83
78 83 85
81 68 75
81 75 83
86 85 84
86 84 87
85 86 88
85 88 78
89 90 91
92 93 94
92 94 95
79 78 88
79 88 96
97 98 99
97 99 100
101 102 103
101 103 104
102 105 106
102 106 103
107 108 109
107 109 110
111 104 110
111 110 109
111 112 101
111 101 104
107 110 113
107 113 114
110 104 103
110 103 113
106 115 113
106 113 103
115 116 114
115 114 113
106 117 118
106 118 115
119 120 118
119 118 121
121 97 100
121 100 122
119 121 122
119 122 123
124 125 126
124 126 127
120 119 128
120 128 129
130 131 128
130 128 132
133 84 82
133 82 134
72 71 134
72 134 82
133 129 87
133 87 84
135 77 76
135 76 136
109 137 138
109 138 111
70 108 107
70 107 71
133 134 114
133 114 116
134 71 107
134 107 114
139 140 141
139 141 142
142 141 143
142 143 144
145 146 144
145 144 143
147 148 149
147 149 150
151 152 153
151 153 154
145 155 156
145 156 146
34 66 69
34 69 4
66 34 29
66 29 76
79 8 5
79 5 80
4 69 80
4 80 5
157 158 159
157 159 96
76 29 28
76 28 136
160 161 162
163 164 165
166 163 167
166 167 168
165 169 170
168 167 171
168 171 172
173 164 163
173 163 166
33 168 172
33 172 174
161 175 176
175 161 177
175 177 178
179 180 181
182 183 184
182 184 185
186 187 188
186 188 189
190 191 192
190 192 193
194 195 196
162 197 160
198 199 200
198 200 201
202 203 204
205 206 207
205 207 195
208 209 210
208 210 211
212 213 214
212 214 215
216 217 214
216 214 213
112 111 138
112 138 218
219 220 30
219 30 31
221 222 136
221 136 28
223 224 225
223 225 226
168 32 53
168 53 166
227 228 223
227 223 226
229 230 231
229 231 202
202 231 232
202 232 203
222 233 135
222 135 136
189 188 183
189 183 182
135 233 234
234 235 77
234 77 135
236 137 109
236 109 108
236 108 70
236 70 237
237 70 73
237 73 238
74 239 238
74 238 73
240 239 77
240 77 235
241 240 235
241 235 242
243 244 245
243 245 246
246 245 247
235 234 248
235 248 242
245 249 250
186 251 187
220 221 28
220 28 30
252 253 254
253 255 256
255 257 258
259 257 260
238 239 240
238 240 261
261 254 237
261 237 238
254 256 236
254 236 237
256 258 137
256 137 236
258 259 137
259 262 218
259 218 138
263 264 265
263 265 266
267 268 269
267 269 270
271 272 273
271 273 274
204 275 266
204 266 265
270 269 276
270 276 277
224 272 271
224 271 225
278 279 280
278 176 281
278 281 279
282 280 216
282 216 283
203 232 284
203 284 285
264 267 270
264 270 265
204 265 270
204 270 277
250 249 177
250 251 186
250 186 247
247 186 189
247 189 286
189 182 287
189 287 286
182 185 288
182 288 287
179 289 290
179 290 291
292 293 294
295 294 296
295 296 297
297 296 298
297 298 299
299 298 300
299 300 301
302 303 301
302 301 300
304 303 305
304 305 306
304 306 307
306 308 309
306 309 307
309 308 310
309 310 311
312 192 191
312 191 313
191 293 292
191 292 313
288 185 179
288 179 291
185 184 180
185 180 179
168 33 32
67 77 239
67 239 74
67 74 75
67 75 68
62 314 315
62 315 63
158 157 316
158 316 317
92 95 91
92 91 90
158 3 2
158 2 159
3 158 317
3 317 318
319 177 160
160 320 321
160 321 319
251 250 319
251 319 322
203 285 275
203 275 204
210 205 323
210 323 211
324 167 163
324 163 170
192 312 325
192 325 326
193 192 326
193 326 327
248 193 327
248 327 328
242 248 328
242 328 244
329 246 247
286 287 330
286 330 329
331 330 287
331 287 288
332 288 291
291 333 332
291 290 334
291 334 333
246 329 335
246 335 243
329 330 336
329 336 335
330 331 337
330 337 336
331 332 338
331 338 337
338 332 333
338 333 339
339 333 334
339 334 340
241 242 244
241 244 243
341 241 243
341 243 335
252 341 335
252 335 336
253 252 336
253 336 337
255 253 337
255 337 338
257 255 338
257 338 339
260 257 340
190 193 248
240 241 341
240 341 261
341 252 254
341 254 261
216 280 342
216 342 217
280 279 343
280 343 342
343 279 281
343 281 325
281 175 326
281 326 325
326 175 178
326 178 327
328 327 178
328 178 249
244 328 249
244 249 245
166 53 52
166 52 173
344 171 324
230 229 223
230 223 228
224 223 229
224 229 276
276 269 272
276 272 224
269 268 273
269 273 272
284 232 206
284 206 345
206 232 231
206 231 207
207 231 230
207 230 196
196 230 228
196 228 346
346 228 227
346 227 347
348 349 283
348 283 350
209 208 212
209 212 215
351 199 198
351 198 352
324 170 353
305 302 174
305 174 172
174 302 300
174 300 219
220 219 300
220 300 298
220 298 296
220 296 221
221 296 294
221 294 222
222 294 293
233 293 191
233 191 190
64 63 354
355 356 357
143 141 358
359 360 152
359 152 155
360 361 153
360 153 152
362 363 364
362 364 365
354 63 315
354 315 363
155 145 359
354 363 366
354 366 367
359 368 369
359 369 360
369 370 361
369 361 360
361 370 371
361 371 372
363 362 373
363 373 374
375 376 377
375 377 378
379 380 381
379 381 382
376 383 384
376 384 377
382 381 385
382 385 386
387 388 380
387 380 379
389 375 378
389 378 390
391 392 393
391 393 386
394 379 382
395 396 383
395 383 397
376 375 398
374 366 363
399 357 356
399 356 400
358 359 145
358 145 143
358 401 368
358 368 359
386 385 402
386 402 391
383 396 403
383 403 384
404 356 354
404 354 367
354 356 355
354 355 64
140 405 358
140 358 141
405 406 401
405 401 358
391 402 407
391 407 408
408 409 392
408 392 391
410 411 396
410 396 395
396 411 412
396 412 403
356 404 413
356 413 400
361 148 153
315 364 363
398 397 383
398 383 376
386 393 394
386 394 382
398 375 389
387 379 394
403 412 413
403 413 404
384 403 404
384 404 367
377 384 367
377 367 366
378 377 366
378 366 374
390 378 374
390 374 373
388 371 370
388 370 380
380 370 369
380 369 381
381 369 368
381 368 385
385 368 401
385 401 402
402 401 406
402 406 407
31 33 174
31 174 219
21 33 31
21 31 20
414 415 365
414 365 364
416 357 399
416 399 417
357 416 418
357 418 355
355 418 65
355 65 64
0 419 420
0 420 49
3 318 419
3 419 0
314 414 364
314 364 315
153 148 147
153 147 154
149 148 361
149 361 372
152 151 156
152 156 155
277 202 204
276 229 202
276 202 277
421 351 352
421 352 422
423 308 344
344 308 306
344 306 171
172 171 305
176 278 424
424 425 162
424 282 426
282 283 349
282 349 426
216 213 350
216 350 283
213 212 201
213 201 350
212 208 198
212 198 201
194 427 421
194 421 422
346 347 427
350 201 200
350 200 348
196 346 194
194 422 323
194 323 195
422 352 211
422 211 323
352 198 208
352 208 211
345 206 205
195 323 205
428 429 430
428 430 431
432 433 434
435 303 304
435 304 436
437 275 285
437 285 438
266 439 440
441 442 429
441 429 428
443 441 428
443 428 444
445 446 447
445 447 444
448 313 292
297 449 450
297 450 295
301 451 452
301 452 299
453 312 313
454 455 456
309 311 457
309 457 447
431 445 444
431 444 428
458 445 431
458 431 459
460 461 462
460 462 463
464 465 466
464 466 467
266 275 468
266 468 439
431 430 469
431 469 459
470 471 432
470 432 434
472 473 474
285 475 438
209 476 477
209 477 210
475 285 284
475 284 478
474 473 471
474 471 470
479 480 481
479 481 482
483 466 465
483 465 484
449 297 299
449 299 452
263 266 440
451 301 303
451 303 435
485 486 487
275 437 468
456 455 217
456 217 342
488 489 490
488 490 491
489 492 493
489 493 490
494 493 492
494 492 495
496 497 498
439 497 499
439 499 440
500 440 499
500 499 501
312 453 343
312 343 325
453 456 343
502 477 476
502 476 503
477 502 345
504 476 505
506 488 491
506 491 503
502 478 284
502 284 345
507 508 509
510 455 454
429 442 501
429 501 499
497 496 469
497 469 430
430 429 499
430 499 497
510 511 512
513 514 515
513 515 516
487 517 518
519 520 521
519 521 522
519 522 461
519 461 460
482 523 524
482 524 479
525 526 527
528 529 530
530 531 532
533 453 448
520 534 515
520 515 521
459 469 535
459 535 534
458 459 534
458 534 520
435 458 520
435 520 519
435 519 460
435 460 451
468 498 497
468 497 439
493 494 437
493 437 438
438 475 490
438 490 493
475 478 491
475 491 490
503 491 478
503 478 502
494 498 468
494 468 437
495 536 498
495 498 494
537 538 536
537 536 495
217 455 512
217 512 214
504 506 503
504 503 476
504 539 540
504 540 506
511 505 541
511 541 512
511 542 543
511 543 505
512 541 215
512 215 214
452 451 460
452 460 463
449 452 463
449 463 544
450 449 544
450 544 545
546 547 548
537 549 434
537 434 550
484 551 552
484 552 483
553 545 544
553 544 554
434 549 555
434 555 470
474 556 540
474 540 472
470 555 556
470 556 474
547 557 558
544 463 462
544 462 554
559 538 485
559 485 518
539 543 508
539 508 507
514 513 560
514 560 561
535 562 559
535 559 516
563 564 565
563 565 566
552 551 563
552 563 566
533 548 567
528 527 568
525 532 454
529 569 531
529 531 530
564 514 561
564 561 565
486 485 550
472 507 570
508 571 572
508 572 509
292 295 546
545 547 546
545 546 450
545 553 557
545 557 547
467 481 480
467 480 464
456 453 573
567 526 533
524 523 574
307 446 436
307 436 304
541 476 209
541 209 215
446 307 309
446 309 447
447 457 443
447 443 444
446 445 458
446 458 436
436 458 435
461 551 484
461 484 462
534 535 516
534 516 515
564 563 522
564 522 521
522 563 551
522 551 461
454 573 525
532 575 510
514 564 521
514 521 515
550 485 538
550 538 537
539 507 472
539 472 540
571 508 543
571 543 542
495 492 549
495 549 537
465 464 554
549 492 489
549 489 555
556 488 506
556 506 540
555 489 488
555 488 556
480 479 557
484 465 554
562 536 538
562 538 559
505 543 504
518 513 516
518 516 559
479 524 558
527 530 525
553 464 480
553 480 557
524 574 567
345 205 210
345 210 477
531 569 572
531 572 571
531 571 542
531 542 575
575 542 511
575 511 510
536 562 496
536 496 498
562 535 469
562 469 496
526 573 533
453 533 573
532 510 454
93 576 94
543 539 504
476 541 505
171 167 324
344 324 353
332 331 288
160 197 320
423 344 353
310 308 423
105 577 117
105 117 106
170 169 353
305 171 306
305 303 302
40 578 579
40 579 41
47 580 578
47 578 40
49 420 580
49 580 47
131 130 581
131 581 582
583 584 585
586 587 588
586 588 589
590 586 589
590 589 591
127 590 591
127 591 124
123 132 128
123 128 119
89 592 126
89 126 125
593 576 93
593 93 594
582 581 583
582 583 585
595 593 594
595 594 596
61 60 597
61 597 598
597 595 596
597 596 598
584 316 157
584 157 585
472 570 473
507 509 570
533 448 548
546 548 448
448 292 546
525 573 526
160 177 161
162 425 197
162 161 176
319 250 177
187 251 322
322 319 321
177 249 178
424 426 425
176 175 281
176 424 162
278 282 424
453 313 448
190 248 234
234 233 190
292 294 295
222 293 233
546 295 450
245 250 247
329 247 286
179 181 289
567 548 558
513 518 517
513 517 560
163 165 170
343 456 342
485 487 518
486 550 433
434 433 550
574 523 568
568 527 574
528 530 527
137 259 138
258 257 259
259 260 262
340 257 339
256 255 258
254 253 256
599 600 601
599 601 602
603 604 605
603 605 606
606 605 607
606 607 608
607 605 609
607 609 610
610 609 611
610 611 612
613 611 609
613 609 614
614 609 605
614 605 604
615 613 614
615 614 616
616 614 604
616 604 617
618 619 616
618 616 617
615 616 619
615 619 620
615 620 621
615 621 622
622 623 613
622 613 615
622 621 624
622 624 625
625 626 623
625 623 622
627 628 618
627 618 629
618 628 630
618 630 619
620 631 632
620 632 621
633 629 618
633 618 617
633 617 604
633 604 603
612 611 634
612 634 635
623 634 611
623 611 613
623 626 636
623 636 634
634 636 637
634 637 635
41 638 639
41 639 42
43 44 637
43 637 636
43 636 626
43 626 45
635 637 639
635 639 640
641 642 643
641 643 640
642 599 602
642 602 643
50 51 625
50 625 624
626 625 51
626 51 45
50 624 644
50 644 52
632 644 624
632 624 621
56 645 646
56 646 57
647 648 649
647 649 650
651 652 653
651 653 654
655 656 657
655 657 658
659 660 661
659 661 662
663 664 665
663 665 666
667 668 665
667 665 664
662 669 670
662 670 659
671 672 673
671 673 674
660 673 672
660 672 661
665 668 675
665 675 676
676 675 677
676 677 678
671 677 675
671 675 672
672 675 668
672 668 661
678 677 679
678 679 680
677 671 681
677 681 679
682 683 684
685 686 687
685 687 688
681 671 674
681 674 689
690 691 99
690 99 98
101 692 693
101 693 102
102 693 694
102 694 105
695 696 697
695 697 698
699 697 696
699 696 692
699 692 101
699 101 112
695 700 701
695 701 696
696 701 693
696 693 692
694 693 701
694 701 702
702 701 700
702 700 703
694 702 704
694 704 705
706 707 704
706 704 708
707 709 691
707 691 690
706 710 709
706 709 707
711 712 713
711 713 714
715 706 708
715 708 716
715 717 718
715 718 719
720 721 676
720 676 678
665 676 721
665 721 666
720 678 680
720 680 716
722 723 670
722 670 669
697 699 724
697 724 725
663 666 695
663 695 698
720 703 700
720 700 721
721 700 695
721 695 666
726 727 728
726 728 729
727 730 731
727 731 728
732 731 730
732 730 733
734 735 736
734 736 737
738 739 740
738 740 741
732 733 742
732 742 743
633 603 660
633 660 659
659 670 629
659 629 633
674 673 606
674 606 608
603 606 673
603 673 660
744 745 746
744 746 689
670 723 627
670 627 629
747 748 749
750 165 164
751 752 753
751 753 750
165 754 169
752 755 756
752 756 753
173 751 750
173 750 164
631 757 755
631 755 752
749 758 759
759 760 761
759 761 749
762 763 764
765 766 767
765 767 768
769 770 771
769 771 772
773 774 775
773 775 776
777 778 779
748 747 780
781 782 783
781 783 784
785 786 787
788 779 789
788 789 790
791 792 793
791 793 794
795 796 797
795 797 798
799 798 797
799 797 800
112 218 724
112 724 699
801 630 628
801 628 802
803 627 723
803 723 804
805 806 807
805 807 808
752 751 644
752 644 632
809 806 805
809 805 810
811 785 812
811 812 813
785 787 814
785 814 812
804 723 722
804 722 815
770 765 768
770 768 771
722 816 815
816 722 669
816 669 817
818 698 697
818 697 725
818 819 663
818 663 698
819 820 664
819 664 663
667 664 820
667 820 821
822 817 669
822 669 821
823 824 817
823 817 822
825 826 827
825 827 828
826 829 827
817 824 830
817 830 816
827 831 832
769 772 833
802 628 627
802 627 803
834 835 836
836 837 838
838 839 840
841 260 840
820 842 822
820 822 821
842 820 819
842 819 835
835 819 818
835 818 837
837 818 725
837 725 839
839 725 841
841 724 218
841 218 262
263 843 844
263 844 264
267 845 846
267 846 268
847 274 273
847 273 848
786 844 843
786 843 849
845 850 851
845 851 846
808 807 847
808 847 848
852 853 854
852 855 856
852 856 758
853 857 799
853 799 854
787 858 859
787 859 814
264 844 845
264 845 267
786 850 845
786 845 844
831 761 832
831 829 769
831 769 833
829 860 770
829 770 769
770 860 861
770 861 765
765 861 862
765 862 766
762 863 864
762 864 865
866 867 868
869 867 870
869 870 871
871 872 873
871 873 869
874 873 872
874 872 875
875 876 877
875 877 874
878 879 876
878 880 881
878 881 879
881 880 882
881 882 883
882 311 310
882 310 883
884 885 776
884 776 775
776 885 866
776 866 868
862 863 762
862 762 766
766 762 764
766 764 767
752 632 631
662 667 821
662 821 669
662 661 668
662 668 667
655 658 886
655 886 887
745 888 889
745 889 746
687 890 684
687 684 688
745 744 601
745 601 600
600 891 888
600 888 745
892 747 761
747 892 893
747 893 894
833 892 831
833 895 892
787 786 849
787 849 858
793 792 896
793 896 788
897 754 750
897 750 753
775 898 899
775 899 884
774 900 898
774 898 775
830 901 900
830 900 774
824 828 901
824 901 830
902 829 826
860 902 903
860 903 861
904 862 861
904 861 903
905 863 862
863 905 906
863 906 907
863 907 864
826 825 908
826 908 902
902 908 909
902 909 903
903 909 910
903 910 904
904 910 911
904 911 905
911 912 906
911 906 905
912 340 907
912 907 906
823 825 828
823 828 824
913 908 825
913 825 823
834 909 908
834 908 913
836 910 909
836 909 834
838 911 910
838 910 836
840 912 911
840 911 838
260 340 840
773 830 774
822 842 913
822 913 823
913 842 835
913 835 834
799 800 914
799 914 854
854 914 915
854 915 855
915 899 856
915 856 855
856 899 898
856 898 759
898 900 760
898 760 759
901 832 760
901 760 900
828 827 832
828 832 901
751 173 52
751 52 644
916 897 756
813 810 805
813 805 811
808 851 811
808 811 805
851 808 848
851 848 846
846 848 273
846 273 268
859 917 790
859 790 814
812 814 790
812 790 789
789 778 813
789 813 812
778 918 810
778 810 813
918 919 809
918 809 810
920 921 857
920 857 922
794 796 795
794 795 791
923 924 781
923 781 784
897 353 754
879 755 757
879 757 877
874 877 757
874 757 801
802 873 874
802 874 801
869 873 802
869 802 803
803 804 867
803 867 869
804 868 867
815 773 776
815 776 868
657 925 658
926 927 928
731 929 728
930 743 741
930 741 931
931 741 740
931 740 932
933 934 935
933 935 936
925 936 886
925 886 658
743 930 732
925 937 938
925 938 936
930 931 939
930 939 940
939 931 932
939 932 941
932 942 943
932 943 941
936 944 945
936 945 933
946 947 948
946 948 949
950 951 952
950 952 953
949 948 954
949 954 955
951 956 957
951 957 952
958 950 953
958 953 959
960 961 947
960 947 946
962 956 963
962 963 964
965 951 950
966 967 955
966 955 968
949 969 946
944 936 938
970 971 928
970 928 927
929 731 732
929 732 930
929 930 940
929 940 972
956 962 973
956 973 957
955 954 974
955 974 968
975 937 925
975 925 928
925 657 926
925 926 928
729 728 929
729 929 976
976 929 972
976 972 977
962 978 979
962 979 973
978 962 964
978 964 980
981 966 968
981 968 982
968 974 983
968 983 982
928 971 984
928 984 975
932 740 737
886 936 935
969 949 955
969 955 967
956 951 965
956 965 963
969 960 946
958 965 950
974 975 984
974 984 983
954 937 975
954 975 974
948 938 937
948 937 954
947 944 938
947 938 948
961 945 944
961 944 947
959 953 941
959 941 943
953 952 939
953 939 941
952 957 940
952 940 939
957 973 972
957 972 940
973 979 977
973 977 972
630 801 757
630 757 631
620 619 630
620 630 631
985 935 934
985 934 986
987 988 970
987 970 927
927 926 989
927 989 987
926 657 656
926 656 989
599 642 990
599 990 991
600 599 991
600 991 891
887 886 935
887 935 985
740 739 734
740 734 737
736 942 932
736 932 737
741 743 742
741 742 738
850 786 785
851 850 785
851 785 811
992 993 924
992 924 923
423 916 883
916 756 881
916 881 883
755 879 756
758 994 852
994 748 995
994 996 853
853 996 922
853 922 857
799 857 921
799 921 798
798 921 782
798 782 795
795 782 781
795 781 791
777 993 992
777 992 997
918 777 997
921 920 783
921 783 782
778 777 918
777 779 896
777 896 993
993 896 792
993 792 924
924 792 791
924 791 781
917 788 790
779 788 896
998 999 1000
998 1000 1001
1002 1003 1004
1005 1006 878
1005 878 876
1007 1008 858
1007 858 849
843 1009 1010
441 998 1001
441 1001 442
443 1011 998
443 998 441
1012 1011 1013
1012 1013 1014
1015 866 885
1016 1017 871
1016 871 870
875 872 1018
875 1018 1019
1020 885 884
1021 1022 1023
882 1013 457
882 457 311
999 998 1011
999 1011 1012
1024 1025 999
1024 999 1012
1026 1027 1028
1026 1028 1029
1030 1031 1032
1030 1032 1033
843 1010 1034
843 1034 849
999 1025 1035
999 1035 1000
1036 1003 1002
1036 1002 1037
1038 1039 1040
858 1008 1041
794 793 1042
794 1042 1043
859 858 1041
859 1041 1044
1039 1036 1037
1039 1037 1040
1045 1046 1047
1045 1047 1048
1049 1050 1033
1049 1033 1032
872 871 1017
872 1017 1018
263 500 1009
1019 1005 876
1019 876 875
1051 1052 1053
849 1034 1007
1023 914 800
1023 800 1054
1055 1056 1057
1055 1057 1058
1059 1060 1056
1059 1056 1055
1061 1062 1060
1061 1060 1059
1063 1064 1065
1010 1009 1066
1010 1066 1065
500 501 1066
500 1066 1009
884 899 915
884 915 1020
1020 915 1023
1043 1042 1067
1043 1067 1068
1042 917 1067
1069 1070 1043
1071 1068 1058
1071 1058 1057
1067 917 859
1067 859 1044
1072 1073 1074
1075 1021 1054
1001 1066 501
1001 501 442
1065 1000 1035
1065 1035 1063
1000 1065 1066
1000 1066 1001
1075 1054 1076
1077 1078 1079
1077 1079 1080
1052 1081 1082
1083 1084 1085
1083 1085 1086
1083 1026 1029
1083 1029 1084
1046 1045 1087
1046 1087 1088
1089 1090 1091
1092 1093 1094
1093 1095 1096
1097 1015 1020
1086 1085 1079
1086 1079 1098
1025 1098 1099
1025 1099 1035
1024 1086 1098
1024 1098 1025
1005 1083 1086
1005 1086 1024
1005 1019 1026
1005 1026 1083
1034 1010 1065
1034 1065 1064
1059 1008 1007
1059 1007 1061
1055 1041 1008
1055 1008 1059
1058 1044 1041
1058 1041 1055
1068 1067 1044
1068 1044 1058
1061 1007 1034
1061 1034 1064
1062 1061 1064
1062 1064 1100
1101 1062 1100
1101 1100 1102
800 797 1076
800 1076 1054
1069 1043 1068
1069 1068 1071
1069 1071 1103
1069 1103 1104
1105 1076 1106
1105 1106 1070
1105 1070 1107
1105 1107 1108
1076 797 796
1076 796 1106
1018 1027 1026
1018 1026 1019
1017 1109 1027
1017 1027 1018
1016 1110 1109
1016 1109 1017
1111 1112 1113
1101 1114 1003
1101 1003 1115
1050 1049 1116
1050 1116 1117
1118 1119 1109
1118 1109 1110
1003 1036 1120
1003 1120 1115
1039 1038 1103
1039 1103 1121
1036 1039 1121
1036 1121 1120
1113 1112 1122
1109 1119 1028
1109 1028 1027
1123 1081 1051
1123 1051 1102
1104 1072 1074
1104 1074 1107
1080 1124 1125
1080 1125 1077
1099 1078 1123
1099 1123 1126
1127 1128 1129
1127 1129 1130
1116 1128 1127
1116 1127 1117
1097 1131 1112
1092 1132 1090
1089 1021 1095
1094 1093 1096
1094 1096 1133
1130 1129 1124
1130 1124 1080
1053 1114 1051
1038 1134 1072
1074 1073 1135
1074 1135 1136
866 1111 870
1110 1016 1111
1110 1111 1113
1110 1113 1137
1110 1137 1118
1031 1030 1048
1031 1048 1047
1023 1022 1020
1131 1097 1091
1087 1138 1088
880 878 1006
880 1006 1014
1106 796 794
1106 794 1043
1014 1013 882
1014 882 880
1013 1011 443
1013 443 457
1014 1006 1024
1014 1024 1012
1006 1005 1024
1029 1028 1050
1029 1050 1117
1098 1079 1078
1098 1078 1099
1130 1085 1084
1130 1084 1127
1084 1029 1117
1084 1117 1127
1021 1089 1022
1095 1075 1139
1080 1079 1085
1080 1085 1130
1114 1101 1102
1114 1102 1051
1104 1103 1038
1104 1038 1072
1136 1108 1107
1136 1107 1074
1062 1101 1115
1062 1115 1060
1033 1119 1030
1115 1120 1056
1115 1056 1060
1121 1103 1071
1121 1071 1057
1120 1121 1057
1120 1057 1056
1048 1137 1045
1050 1028 1119
1126 1123 1102
1126 1102 1100
1070 1069 1107
1081 1123 1078
1081 1078 1077
1045 1122 1087
1090 1089 1093
1118 1137 1048
1118 1048 1030
1087 1131 1138
917 1042 793
917 793 788
1135 1133 1096
1135 1096 1136
1096 1139 1108
1096 1108 1136
1139 1075 1105
1139 1105 1108
1100 1064 1063
1100 1063 1126
1126 1063 1035
1126 1035 1099
1091 1097 1022
1020 1022 1097
1095 1021 1075
686 685 1140
1107 1069 1104
1043 1070 1106
756 897 753
916 353 897
905 862 904
747 894 780
423 353 916
310 423 883
105 694 705
105 705 577
754 353 169
879 881 756
879 877 876
579 1141 638
579 638 41
1141 1142 641
1141 641 638
1142 990 642
1142 642 641
1143 718 717
1143 717 1144
1145 1146 1147
1148 1149 588
1148 588 587
1150 1151 1149
1150 1149 1148
712 711 1151
712 1151 1150
710 706 715
710 715 719
713 683 682
713 682 714
1152 1153 686
1152 686 1140
1145 1143 1144
1145 1144 1146
1154 1155 1153
1154 1153 1152
1156 653 652
1156 652 1157
1156 1157 1155
1156 1155 1154
1147 1146 746
1147 746 889
1038 1040 1134
1072 1134 1073
1097 1112 1015
1111 1015 1112
1015 1111 866
1089 1091 1022
747 749 761
748 780 995
748 758 749
892 761 831
772 895 833
895 893 892
761 760 832
994 995 996
758 856 759
758 748 994
852 994 853
1020 1015 885
773 816 830
816 773 815
866 870 867
804 815 868
1111 1016 870
827 829 831
902 860 829
762 865 763
1131 1122 1112
1082 1081 1077
1082 1077 1125
750 754 165
915 914 1023
1051 1081 1052
1053 1004 1114
1003 1114 1004
1138 1132 1088
1132 1138 1090
1092 1090 1093
725 724 841
839 841 840
841 262 260
340 912 840
837 839 838
835 837 836
263 440 500
263 1009 843
196 195 207
346 427 194
779 778 789
918 997 919
510 512 455
454 456 573
1075 1076 1105
1021 1023 1054
278 280 282
852 854 855
1158 1159 1160
1161 1162 1163
1161 1163 1164
1165 1166 1167
1165 1167 1168
1169 1170 1171
1169 1171 1172
1173 1174 1175
1176 1177 1178
1176 1178 1179
1180 1181 1182
1183 1184 1185
1183 1185 1186
1187 1188 1189
1187 1189 1190
1190 1189 1191
1190 1191 1192
1193 1194 1178
1193 1178 1174
1195 1179 1178
1195 1178 1194
1196 1167 1188
1196 1188 1187
1197 1198 1159
1197 1159 1158
1181 1180 1199
1181 1199 1200
1173 1201 1202
1173 1202 1203
1198 1204 1161
1198 1161 1159
1204 1205 1162
1204 1162 1161
1199 1180 1185
1199 1185 1206
1206 1185 1184
1206 1184 1207
1188 1167 1166
1189 1169 1172
1189 1172 1191
1173 1175 1208
1173 1208 1201
1209 1177 1176
1209 1176 1210
1196 1211 1168
1196 1168 1167
1193 1174 1173
1193 1173 1203
1208 1182 1181
1208 1181 1201
1201 1181 1200
1201 1200 1202
1211 1197 1158
1211 1158 1168
1158 1160 1165
1158 1165 1168
1164 1163 1171
1164 1171 1170
1186 1209 1210
1186 1210 1183
1174 1178 1177
1174 1177 1175
1175 1177 1209
1175 1209 1208
1208 1209 1186
1208 1186 1182
1186 1185 1180
1186 1180 1182
1159 1161 1164
1159 1164 1160
1160 1164 1170
1160 1170 1165
1170 1169 1166
1170 1166 1165
1169 1189 1188
1169 1188 1166
1212 1190 1192
1212 1192 1213
1214 1187 1190
1214 1190 1212
1215 1196 1187
1215 1187 1214
1215 1216 1211
1215 1211 1196
1217 1218 1204
1217 1204 1198
1198 1197 1219
1198 1219 1217
1197 1211 1216
1197 1216 1219
1204 1218 1220
1204 1220 1205
1221 1222 1223
1221 1223 1224
1225 1226 1227
1225 1227 1228
1222 1221 1229
1222 1229 1230
1226 1231 1232
1226 1232 1227
1233 1234 1235
1233 1235 1236
1237 1238 1239
1237 1239 1240
1241 1242 1243
1241 1243 1244
1245 1246 1234
1245 1234 1233
1247 1248 1238
1247 1238 1237
1249 1250 1251
1249 1251 1252
1241 1253 1254
1241 1254 1242
1249 1255 1256
1249 1256 1250
1257 1254 1253
1257 1253 1258
1223 1259 1260
1223 1260 1224
1252 1251 1261
1252 1261 1262
1240 1239 1262
1240 1262 1261
1259 1225 1228
1259 1228 1260
1244 1243 1236
1244 1236 1235
1263 1264 1265
1263 1265 1266
1266 1265 1267
1266 1267 1268
1269 1270 1264
1269 1264 1263
1271 1272 1270
1271 1270 1269
1271 1273 1274
1271 1274 1272
1275 1276 1277
1275 1277 1278
1279 1280 1281
1279 1281 1282
1282 1283 1284
1282 1284 1279
1278 1285 1286
1278 1286 1275
1276 1287 1288
1276 1288 1277
1280 1289 1290
1280 1290 1281
1283 1291 1292
1283 1292 1284
1285 1293 1294
1285 1294 1286
1288 1287 1295
1288 1295 1296
1289 1297 1298
1289 1298 1290
1299 1300 1268
1299 1268 1267
1301 1302 1296
1301 1296 1295
1297 1303 1304
1297 1304 1298
1305 1306 1307
1308 1309 1310
1308 1310 1311
1312 1313 1314
1312 1314 1315
1316 1317 1318
1316 1318 1319
1320 1321 1322
1323 1324 1325
1323 1325 1326
1327 1328 1329
1330 1331 1332
1330 1332 1333
1334 1335 1336
1334 1336 1337
1337 1338 1339
1337 1339 1334
1323 1340 1341
1323 1341 1322
1323 1326 1342
1323 1342 1340
1343 1336 1335
1343 1335 1314
1307 1344 1345
1307 1345 1305
1329 1346 1347
1329 1347 1327
1320 1348 1349
1320 1349 1350
1308 1351 1344
1308 1344 1307
1311 1352 1351
1311 1351 1308
1332 1327 1347
1332 1347 1353
1333 1332 1353
1333 1353 1354
1335 1315 1314
1319 1318 1334
1319 1334 1339
1355 1321 1320
1355 1320 1350
1325 1324 1356
1325 1356 1357
1313 1358 1343
1313 1343 1314
1320 1322 1341
1320 1341 1348
1355 1350 1329
1355 1329 1328
1350 1349 1346
1350 1346 1329
1305 1345 1358
1305 1358 1313
1312 1306 1305
1312 1305 1313
1309 1317 1316
1309 1316 1310
1357 1356 1331
1357 1331 1330
1324 1323 1322
1324 1322 1321
1356 1324 1321
1356 1321 1355
1331 1356 1355
1331 1355 1328
1331 1328 1327
1331 1327 1332
1309 1308 1307
1309 1307 1306
1317 1309 1306
1317 1306 1312
1317 1312 1315
1317 1315 1318
1318 1315 1335
1318 1335 1334
1359 1360 1338
1359 1338 1337
1361 1359 1337
1361 1337 1336
1362 1361 1336
1362 1336 1343
1358 1363 1362
1358 1362 1343
1351 1364 1365
1351 1365 1344
1366 1345 1344
1366 1344 1365
1363 1358 1345
1363 1345 1366
1351 1352 1367
1351 1367 1364
1368 1369 1370
1368 1370 1371
1372 1373 1374
1372 1374 1375
1369 1376 1377
1369 1377 1370
1378 1379 1373
1378 1373 1372
1380 1381 1382
1380 1382 1383
1384 1385 1386
1384 1386 1387
1388 1389 1390
1388 1390 1391
1381 1392 1393
1381 1393 1382
1394 1384 1387
1394 1387 1395
1396 1397 1398
1396 1398 1399
1400 1401 1388
1400 1388 1391
1398 1397 1402
1398 1402 1403
1404 1405 1401
1404 1401 1400
1368 1371 1406
1368 1406 1407
1399 1408 1409
1399 1409 1396
1385 1409 1408
1385 1408 1386
1375 1374 1407
1375 1407 1406
1389 1380 1383
1389 1383 1390
1410 1411 1412
1410 1412 1413
1414 1412 1411
1414 1411 1415
1416 1410 1413
1416 1413 1417
1417 1418 1419
1417 1419 1416
1420 1421 1419
1420 1419 1418
1422 1423 1424
1422 1424 1425
1426 1427 1428
1426 1428 1429
1429 1428 1430
1429 1430 1431
1432 1433 1423
1432 1423 1422
1425 1424 1434
1425 1434 1435
1436 1437 1427
1436 1427 1426
1431 1430 1438
1431 1438 1439
1440 1441 1433
1440 1433 1432
1442 1435 1434
1442 1434 1443
1444 1445 1437
1444 1437 1436
1446 1414 1415
1446 1415 1447
1448 1442 1443
1448 1443 1449
1445 1444 1450
1445 1450 1451
557 479 558
547 558 548
1045 1137 1122
1113 1122 1137
1030 1119 1118
554 464 553
484 554 462
1050 1119 1033
1452 1453 1454
1455 1456 1457
1456 1455 1458
1459 1460 1461
1462 1463 1464
1462 1452 1454
1465 1460 1459
1466 1465 1467
1458 1468 1469
1469 1468 1466
1466 1467 1469
1465 1459 1467
1458 1455 1468
1457 1456 1464
1464 1463 1457
1462 1454 1463
1470 1471 1472
1473 1474 1475
1475 1476 1473
1477 1478 1479
1480 1481 1482
1480 1471 1470
1483 1477 1479
1484 1485 1483
1476 1486 1487
1486 1484 1487
1484 1486 1485
1483 1485 1477
1476 1487 1473
1474 1481 1475
1481 1474 1482
1480 1482 1471
558 524 567
567 574 526
527 526 574
525 530 532
532 531 575
1087 1122 1131
1138 1131 1091
1091 1090 1138
1093 1089 1095
1096 1095 1139
89 91 592
682 684 890
9 2 1
9 1 10
38 39 42
38 42 44
40 39 46
40 46 47
12 48 46
12 46 35
10 1 48
10 48 12
582 86 87
582 87 131
585 88 86
585 86 582
96 88 585
96 585 157
121 118 117
121 117 97
115 118 120
115 120 116
116 120 129
116 129 133
131 87 129
131 129 128
96 159 8
96 8 79
159 2 9
159 9 8
97 117 577
97 577 98
602 601 607
602 607 610
42 639 637
42 637 44
640 639 638
640 638 641
640 643 612
640 612 635
643 602 610
643 610 612
680 679 1144
680 1144 717
679 681 1146
679 1146 1144
1146 681 689
1146 689 746
705 704 707
705 707 690
708 704 702
708 702 703
716 708 703
716 703 720
716 680 717
716 717 715
608 744 689
608 689 674
607 601 744
607 744 608
577 705 690
577 690 98
