byte offset: 0
first index: 0
index count: 7008
topology: trianglelist
format: DXGI_FORMAT_R16_UINT

0 1 2
3 4 5
4 6 5
7 8 9
8 10 9
11 12 13
12 14 13
15 16 17
18 19 20
19 21 20
22 23 24
25 26 27
26 28 27
29 30 31
30 32 31
33 34 29
34 30 29
35 36 21
36 17 21
37 35 19
35 21 19
31 32 38
32 10 38
39 0 40
0 2 40
41 42 24
42 22 24
43 44 15
44 45 15
40 2 46
2 5 46
46 5 47
5 6 47
27 22 48
22 42 48
48 49 27
49 25 27
32 9 10
30 34 14
34 13 14
50 16 45
16 15 45
51 18 52
18 20 52
38 10 53
10 8 53
36 54 17
54 15 17
23 50 24
50 45 24
44 41 45
41 24 45
0 39 8
39 53 8
1 0 7
0 8 7
4 3 11
3 12 11
52 28 51
28 26 51
17 16 21
16 20 21
52 20 50
20 16 50
50 23 52
23 28 52
27 28 22
28 23 22
1 3 2
3 5 2
7 12 1
12 3 1
12 7 14
7 9 14
14 9 30
9 32 30
55 56 57
58 59 60
59 61 60
62 63 64
63 65 64
66 67 68
67 69 68
70 71 72
73 74 75
74 76 75
77 78 79
80 81 82
81 83 82
84 85 86
85 87 86
85 88 87
88 89 87
71 90 76
90 91 76
76 91 75
91 92 75
65 84 93
84 86 93
94 95 55
95 56 55
77 96 78
96 97 78
98 99 70
99 100 70
95 101 56
101 60 56
101 102 60
102 58 60
82 103 77
103 96 77
103 82 104
82 83 104
84 65 63
85 69 88
69 67 88
105 98 72
98 70 72
74 73 106
73 107 106
93 108 65
108 64 65
90 71 109
71 70 109
98 105 78
105 79 78
78 97 98
97 99 98
55 64 94
64 108 94
57 62 55
62 64 55
59 66 61
66 68 61
81 80 107
80 106 107
71 76 72
76 74 72
106 105 74
105 72 74
80 79 106
79 105 106
79 80 77
80 82 77
60 61 56
61 57 56
61 68 57
68 62 57
63 62 69
62 68 69
69 85 63
85 84 63
110 111 112
111 113 112
113 111 114
111 115 114
116 117 112
117 110 112
115 118 114
118 119 114
116 120 117
120 121 117
122 123 124
123 125 124
126 127 128
127 129 128
125 130 124
130 131 124
132 133 128
133 126 128
134 123 135
123 122 135
136 137 127
137 129 127
138 139 130
139 131 130
140 133 141
133 132 141
142 143 144
143 145 144
146 147 148
147 149 148
134 135 143
135 145 143
136 147 137
147 146 137
121 120 150
120 151 150
152 153 154
153 155 154
155 156 154
156 157 154
152 158 153
158 159 153
157 156 160
156 161 160
162 163 158
163 159 158
164 165 166
165 167 166
168 169 170
169 171 170
172 173 166
173 164 166
168 174 169
174 175 169
176 177 165
177 167 165
178 170 179
170 171 179
180 173 181
173 172 181
175 174 182
174 183 182
184 185 186
185 187 186
188 189 190
189 191 190
176 185 177
185 184 177
191 189 179
189 178 179
162 192 163
192 193 163
194 195 196
195 197 196
194 196 198
196 199 198
200 201 202
201 203 202
200 204 201
204 205 201
205 204 195
204 197 195
206 207 208
207 209 208
210 211 212
211 213 212
209 214 208
214 215 208
216 217 212
217 210 212
218 219 220
219 221 220
222 223 224
223 225 224
221 226 220
226 227 220
228 219 229
219 218 229
225 230 224
230 231 224
230 207 231
207 206 231
228 229 211
229 213 211
222 232 223
232 233 223
203 234 202
234 235 202
236 237 238
237 239 238
239 240 238
240 241 238
242 243 244
243 245 244
246 247 243
247 245 243
246 237 247
237 236 247
248 249 250
249 251 250
252 253 254
253 255 254
256 257 250
257 248 250
252 258 253
258 259 253
260 261 262
261 263 262
264 265 266
265 267 266
268 269 262
269 260 262
270 271 261
271 263 261
272 273 266
273 264 266
251 249 272
249 273 272
270 254 271
254 255 271
274 275 265
275 267 265
276 277 244
277 242 244
278 279 280
281 282 283
282 284 283
283 284 285
284 286 285
287 288 281
288 282 281
289 290 291
290 292 291
293 294 295
294 296 295
297 298 299
298 300 299
301 302 303
302 296 303
304 305 278
305 279 278
306 307 308
307 309 308
310 311 312
313 314 292
314 291 292
292 283 313
283 285 313
315 291 316
291 314 316
317 289 315
289 291 315
318 319 320
319 321 320
322 318 323
318 320 323
307 306 324
312 325 326
325 327 326
328 329 330
329 331 330
332 333 328
333 329 328
334 335 336
335 332 336
337 338 334
338 335 334
338 337 339
337 340 339
341 342 340
342 339 340
342 341 343
341 344 343
345 346 344
346 343 344
347 348 345
348 346 345
349 350 351
350 352 351
330 331 349
331 350 349
325 322 327
322 323 327
353 351 354
351 355 354
316 314 356
314 357 356
358 357 314
359 285 355
354 355 286
355 285 286
360 361 362
319 362 321
362 361 321
363 364 365
364 366 365
303 296 367
303 317 315
316 368 301
302 369 296
369 295 296
280 311 310
370 306 371
283 292 281
292 290 281
372 373 289
373 290 289
289 317 372
317 374 372
317 303 375
301 303 315
376 293 377
293 295 377
377 366 376
366 364 376
377 299 300
298 297 360
378 379 380
379 381 380
382 383 384
383 385 384
342 386 339
386 387 339
388 389 390
389 391 390
392 335 393
335 338 393
394 395 396
395 397 396
391 389 381
389 380 381
398 391 399
391 381 399
400 401 402
401 403 402
404 405 406
405 407 406
379 408 381
408 399 381
383 409 385
409 410 385
411 412 413
412 414 413
415 360 416
360 297 416
409 411 410
411 413 410
417 418 419
418 420 419
406 407 421
407 422 421
333 332 392
332 335 392
393 338 387
338 339 387
423 424 425
424 426 425
356 357 394
357 395 394
427 428 429
428 430 429
431 430 432
430 428 432
433 431 434
431 432 434
435 436 437
436 438 437
438 439 440
439 441 440
439 442 441
442 443 441
359 355 352
355 351 352
444 395 358
395 357 358
445 360 415
446 447 448
447 415 448
449 427 450
427 429 450
451 452 453
452 454 453
396 455 394
455 456 394
408 379 438
379 439 438
442 439 378
439 379 378
455 446 456
446 448 456
457 458 459
425 460 423
460 461 423
462 463 464
463 465 464
463 462 400
462 401 400
466 467 417
467 418 417
468 469 470
469 471 470
472 473 470
473 474 470
350 331 475
476 477 458
477 478 458
479 408 436
408 438 436
408 479 399
479 478 399
477 398 478
398 399 478
400 393 463
393 387 463
437 438 480
438 440 480
431 433 481
433 482 481
430 431 483
431 481 483
429 430 484
430 483 484
450 429 445
429 484 445
433 437 482
437 480 482
434 435 433
435 437 433
485 486 434
486 435 434
487 368 448
368 456 448
394 456 356
456 368 356
449 450 447
450 415 447
449 447 488
447 489 488
393 400 392
400 402 392
490 333 402
333 392 402
333 490 329
490 491 329
331 492 475
485 493 382
493 383 382
421 422 494
422 495 494
490 496 491
496 497 491
493 498 383
498 409 383
412 411 488
411 499 488
498 499 409
499 411 409
500 475 501
475 492 501
402 403 490
403 496 490
424 423 486
423 502 486
452 489 454
489 503 454
461 460 504
502 459 436
459 479 436
505 506 507
506 508 507
494 495 505
495 506 505
509 475 500
470 471 472
471 510 472
455 396 511
396 468 511
507 508 512
508 513 512
424 382 426
382 384 426
412 452 414
452 451 414
329 491 331
491 492 331
501 492 497
492 491 497
419 420 404
420 405 404
469 397 514
510 471 466
471 467 466
343 390 342
390 386 342
416 487 415
487 448 415
346 388 343
388 390 343
515 516 388
516 389 388
398 386 391
386 390 391
422 403 495
403 401 495
479 459 478
459 458 478
506 462 508
462 464 508
495 401 506
401 462 506
469 468 397
476 517 513
382 424 485
424 486 485
452 412 489
412 488 489
434 432 485
432 493 485
405 497 407
497 496 407
498 493 428
493 432 428
427 449 499
449 488 499
499 498 427
498 428 427
418 500 420
500 501 420
407 496 422
496 403 422
436 435 502
435 486 502
489 447 503
447 446 503
459 502 461
502 423 461
500 418 509
418 467 509
470 474 468
474 511 468
420 501 405
501 497 405
509 467 469
467 471 469
473 453 474
453 454 474
503 511 454
511 474 454
503 446 511
446 455 511
518 378 519
378 380 519
389 516 380
516 519 380
348 515 346
515 388 346
442 520 443
520 521 443
520 442 518
442 378 518
308 309 522
309 523 522
524 525 526
525 527 526
300 526 377
526 366 377
365 366 527
366 526 527
528 308 529
308 522 529
371 306 528
306 308 528
373 287 290
287 281 290
512 513 530
513 517 530
464 476 513
465 477 464
477 476 464
386 398 465
398 477 465
463 387 465
387 386 465
531 532 533
532 534 533
535 536 537
536 538 537
536 539 538
539 534 538
538 534 540
534 532 540
541 542 532
542 540 532
542 543 540
543 544 540
540 544 538
544 537 538
543 545 544
545 546 544
544 546 537
546 547 537
546 548 547
548 549 547
545 550 546
550 548 546
545 551 550
552 551 543
551 545 543
553 554 555
554 556 555
557 556 558
556 554 558
559 560 561
560 549 561
561 549 562
549 548 562
553 563 550
563 564 550
547 549 565
549 560 565
535 537 565
537 547 565
542 541 566
541 567 566
568 558 566
558 552 566
569 557 568
557 558 568
568 570 569
570 571 569
570 572 571
572 573 571
541 574 567
574 575 567
532 531 541
531 574 541
556 576 555
576 577 555
578 576 557
576 556 557
579 580 577
580 555 577
563 553 580
553 555 580
573 581 582
581 583 582
581 573 584
573 572 584
574 585 575
585 586 575
587 588 589
588 590 589
591 592 593
592 594 593
595 596 591
589 590 597
590 598 597
599 600 601
600 602 601
588 587 599
587 600 599
603 604 593
604 595 593
604 603 605
603 606 605
605 602 604
602 600 604
587 595 600
595 604 600
607 608 606
608 605 606
602 605 609
605 608 609
608 607 610
607 611 610
612 613 609
613 614 609
601 602 614
602 609 614
615 616 617
616 618 617
619 620 621
620 622 621
623 624 625
624 626 625
625 627 623
627 619 623
627 628 619
628 620 619
624 623 629
623 630 629
623 619 630
619 621 630
630 621 631
621 632 631
629 630 633
630 631 633
631 632 634
632 615 634
633 631 635
631 634 635
634 615 636
615 617 636
636 637 634
637 635 634
638 635 639
635 637 639
640 633 638
633 635 638
639 611 638
611 607 638
603 641 606
641 640 606
641 603 594
603 593 594
638 607 640
607 606 640
642 643 598
643 597 598
644 645 646
645 647 646
592 626 594
626 624 594
633 640 629
640 641 629
594 624 641
624 629 641
588 535 590
535 565 590
565 560 590
560 598 590
599 601 536
601 539 536
536 535 599
535 588 599
601 614 539
614 648 539
560 559 598
559 642 598
649 650 651
650 652 651
653 654 655
654 650 655
651 656 649
657 653 658
653 655 658
654 659 650
659 652 650
660 564 657
564 653 657
661 286 662
286 284 662
663 664 665
666 667 668
667 669 668
670 671 672
671 673 672
674 675 676
675 353 676
646 677 644
677 678 644
679 561 680
561 562 680
681 642 682
642 559 682
563 580 653
580 654 653
642 681 643
681 683 643
671 666 673
666 668 673
674 684 683
684 643 683
684 685 643
685 597 643
645 686 647
686 687 647
688 687 689
687 686 689
690 688 691
688 689 691
691 596 692
692 597 693
597 685 693
694 695 685
695 693 685
696 697 698
697 699 698
697 696 700
696 701 700
702 694 684
694 685 684
696 703 701
703 704 701
672 705 670
705 706 670
682 559 679
559 561 679
707 708 709
708 710 709
709 711 707
711 712 707
713 712 714
712 711 714
715 713 716
713 714 716
690 692 717
692 693 717
717 708 690
708 688 690
708 707 688
707 687 688
647 687 712
687 707 712
712 713 647
713 646 647
715 677 646
662 704 661
704 703 661
705 672 704
672 701 704
672 700 701
672 673 700
673 718 700
673 668 718
668 719 718
720 719 669
719 668 669
665 721 663
663 722 669
669 667 663
653 564 563
597 692 589
692 596 589
595 587 596
587 589 596
614 613 648
613 723 648
609 608 612
608 610 612
533 534 648
534 539 648
724 533 723
533 648 723
282 725 284
725 662 284
725 282 726
282 288 726
704 662 705
662 725 705
705 725 706
725 726 706
649 727 655
676 353 728
353 354 728
728 729 676
729 702 676
729 698 702
698 694 702
730 697 718
697 700 718
731 730 719
730 718 719
719 720 731
720 732 731
720 722 733
722 734 733
721 734 722
735 699 730
699 697 730
736 735 731
735 730 731
737 736 732
736 731 732
738 737 733
737 732 733
739 738 734
738 733 734
740 741 734
741 739 734
698 699 694
699 695 694
742 695 735
695 699 735
735 736 742
736 710 742
709 710 737
710 736 737
737 738 709
738 711 709
738 739 711
739 714 711
739 741 714
741 716 714
684 674 702
674 676 702
717 693 742
693 695 742
742 710 717
710 708 717
286 661 354
661 728 354
729 728 703
728 661 703
698 729 696
729 703 696
580 579 654
579 659 654
655 727 658
743 744 727
649 656 727
656 743 727
657 341 660
341 340 660
337 680 340
680 660 340
334 679 337
679 680 337
679 334 682
334 336 682
682 336 681
336 745 681
746 683 745
683 681 745
683 746 674
746 675 674
680 562 660
562 564 660
562 548 564
548 550 564
531 747 574
747 585 574
747 531 724
531 533 724
744 345 658
345 344 658
341 657 344
657 658 344
621 622 632
622 748 632
345 744 347
744 749 347
632 748 615
748 616 615
727 744 658
571 573 750
573 582 750
750 751 571
751 569 571
557 569 578
569 751 578
558 554 552
554 551 552
566 567 568
567 570 568
566 552 542
552 543 542
567 575 570
575 572 570
575 586 572
586 584 572
553 551 554
550 551 553
721 740 734
303 367 375
296 294 367
301 315 316
374 317 375
732 720 733
530 517 752
458 753 517
476 458 517
753 504 752
504 753 457
504 457 461
457 753 458
461 457 459
508 464 513
517 753 752
514 397 444
397 395 444
336 332 745
332 328 745
330 746 328
746 745 328
349 675 330
675 746 330
351 353 349
353 675 349
509 469 514
509 514 475
468 396 397
444 352 514
352 350 514
358 359 444
359 352 444
313 358 314
313 359 358
359 313 285
754 755 716
755 715 716
741 756 716
756 754 716
740 757 741
757 756 741
715 755 677
713 715 646
721 757 740
319 524 362
318 525 319
322 525 318
325 758 322
759 758 325
311 370 312
370 759 312
279 324 311
324 370 311
305 760 279
760 324 279
445 484 361
484 321 361
484 483 321
483 320 321
323 320 481
320 483 481
327 323 482
323 481 482
326 327 480
327 482 480
310 326 440
326 480 440
280 310 441
310 440 441
278 280 443
280 441 443
304 278 521
278 443 521
445 361 360
450 445 415
298 360 362
524 298 362
306 370 324
371 761 759
761 758 759
761 371 762
371 528 762
762 528 763
528 529 763
761 527 758
527 525 758
762 365 761
365 527 761
763 363 762
363 365 762
319 525 524
279 311 280
310 312 326
307 324 760
759 370 371
312 759 325
322 758 525
644 678 627
678 628 627
645 644 625
644 627 625
625 626 645
626 686 645
689 686 592
686 626 592
691 689 591
689 592 591
595 591 593
596 691 591
690 691 692
743 749 744
649 655 650
514 350 475
368 487 301
487 302 301
316 356 368
298 524 300
524 526 300
299 369 297
369 416 297
377 295 299
295 369 299
369 302 416
302 487 416
669 722 720
663 721 722
663 667 664
665 664 764
765 766 767
768 769 770
769 771 770
772 768 773
768 770 773
769 774 771
774 775 771
776 777 778
777 779 778
780 781 782
781 783 782
784 785 786
785 787 786
780 788 789
788 790 789
767 305 765
305 304 765
309 307 791
307 792 791
793 794 795
778 796 776
796 797 776
773 770 797
770 776 797
796 778 798
778 799 798
778 779 799
779 800 799
801 802 803
802 804 803
805 806 801
806 802 801
307 807 792
794 808 809
808 810 809
811 812 813
812 814 813
812 815 814
815 816 814
816 817 818
817 819 818
817 820 819
820 821 819
822 821 823
821 820 823
823 824 822
824 825 822
826 825 827
825 824 827
827 828 826
828 829 826
828 348 829
348 347 829
830 831 832
831 833 832
831 811 833
811 813 833
809 810 805
810 806 805
834 832 835
832 836 835
837 796 838
796 798 838
839 796 837
840 834 773
773 834 772
834 835 772
841 842 843
803 804 842
804 843 842
844 845 846
845 847 846
789 848 780
789 799 800
798 790 849
782 850 780
850 788 780
766 793 795
851 852 792
777 776 771
776 770 771
777 853 779
853 854 779
855 800 854
800 779 854
800 856 789
790 799 789
782 783 857
783 858 857
845 844 858
844 857 858
857 784 786
785 841 787
859 860 861
860 862 861
863 864 865
864 866 865
867 868 823
868 824 823
869 870 871
870 872 871
820 817 873
817 874 873
875 876 877
876 878 877
861 870 859
870 869 859
859 869 879
869 880 879
881 882 883
882 884 883
885 886 887
886 888 887
879 889 859
889 860 859
865 866 890
866 891 890
892 893 894
893 895 894
787 841 896
841 897 896
890 891 892
891 893 892
898 899 900
899 901 900
902 885 903
885 887 903
817 816 874
816 815 874
823 820 867
820 873 867
904 905 906
905 907 906
876 837 878
837 838 878
908 909 910
909 911 910
912 913 911
913 910 911
914 915 912
915 913 912
916 917 918
917 919 918
919 920 921
920 922 921
921 922 923
922 924 923
832 834 830
834 840 830
837 876 839
876 925 839
926 897 841
927 928 897
928 929 897
930 931 908
931 909 908
932 933 934
933 935 934
936 937 878
937 877 878
921 860 919
860 889 919
860 921 862
921 923 862
929 928 936
928 937 936
938 939 940
905 904 941
904 942 941
943 944 945
944 946 945
882 946 884
946 944 884
899 947 901
947 948 901
949 950 951
950 952 951
953 954 951
954 955 951
831 956 811
957 958 940
958 959 940
919 889 918
889 960 918
957 960 879
960 889 879
879 880 957
880 958 957
867 873 944
873 884 944
917 961 919
961 920 919
912 962 914
962 963 914
911 964 912
964 962 912
909 965 911
965 964 911
931 926 909
926 965 909
914 963 917
963 961 917
915 914 916
914 917 916
966 915 967
915 916 967
936 849 929
849 968 929
849 936 838
936 878 838
930 927 931
927 897 931
930 969 927
969 970 927
883 884 874
884 873 874
874 815 883
815 971 883
972 971 812
971 815 812
811 956 973
966 863 974
863 865 974
975 902 976
902 903 976
977 978 972
978 971 972
974 865 979
865 890 979
894 969 892
969 980 892
979 890 980
890 892 980
973 956 981
956 982 981
978 881 971
881 883 971
906 967 904
967 983 904
984 970 932
970 933 932
942 985 941
983 918 939
918 960 939
986 987 988
987 989 988
987 975 989
975 976 989
990 982 956
991 949 955
949 951 955
952 877 992
877 937 992
993 986 994
986 988 994
906 907 863
907 864 863
894 895 933
895 935 933
973 972 811
972 812 811
972 973 977
973 981 977
886 898 888
898 900 888
950 995 875
947 949 948
949 991 948
868 871 824
871 827 824
929 968 897
968 896 897
871 872 827
872 828 827
870 516 872
516 515 872
871 868 869
868 880 869
882 881 975
881 902 975
940 939 957
939 960 957
945 946 986
946 987 986
946 882 987
882 975 987
950 875 952
959 993 996
863 966 906
966 967 906
933 970 894
970 969 894
915 966 913
966 974 913
978 977 885
977 886 885
979 910 974
910 913 974
908 980 930
980 969 930
980 908 979
908 910 979
981 982 898
982 899 898
881 978 902
978 885 902
918 983 916
983 967 916
970 984 927
984 928 927
939 942 983
942 904 983
947 899 990
899 982 990
992 953 952
953 951 952
977 981 886
981 898 886
949 947 950
947 990 950
932 934 953
934 954 953
953 992 932
992 984 932
984 992 928
992 937 928
861 862 519
862 518 519
519 516 861
516 870 861
872 515 828
515 348 828
923 924 520
924 521 520
862 923 518
923 520 518
523 309 997
309 791 997
998 999 1000
999 1001 1000
844 1000 857
1000 784 857
1000 844 998
844 846 998
997 791 1002
791 1003 1002
791 792 1003
792 852 1003
771 775 777
775 853 777
996 993 1004
993 994 1004
945 993 959
959 958 945
958 943 945
958 880 943
880 868 943
868 867 943
867 944 943
1005 1006 1007
1006 1008 1007
1009 1010 1011
1010 1012 1011
1005 1013 1009
1013 1010 1009
1006 1005 1014
1005 1009 1014
1014 1015 1006
1015 1016 1006
1017 1018 1014
1018 1015 1014
1011 1017 1009
1017 1014 1009
1019 1020 1017
1020 1018 1017
1021 1019 1011
1019 1017 1011
1022 1023 1021
1023 1019 1021
1023 1024 1019
1024 1020 1019
1020 1024 1025
1020 1025 1018
1025 1026 1018
1027 1028 1029
1028 1030 1029
1028 1027 1031
1027 1032 1031
1022 1033 1034
1033 1035 1034
1023 1022 1036
1022 1034 1036
1037 1038 1024
1038 1030 1024
1033 1022 1039
1022 1021 1039
1021 1011 1039
1011 1012 1039
1040 1016 1041
1016 1015 1041
1026 1031 1041
1031 1042 1041
1031 1032 1042
1032 1043 1042
1044 1045 1043
1045 1042 1043
1046 1047 1044
1047 1045 1044
1048 1049 1040
1049 1016 1040
1049 1008 1016
1008 1006 1016
577 576 1029
576 1027 1029
1027 576 1032
576 578 1032
1029 1050 577
1050 579 577
1029 1030 1050
1030 1038 1050
583 1051 582
1051 1046 582
1047 1046 1052
1046 1051 1052
1053 1054 1048
1054 1049 1048
1055 1056 1057
1056 1058 1057
1059 1060 1061
1060 1062 1061
1063 1062 1064
1065 1055 1066
1055 1057 1066
1067 1068 1069
1068 1070 1069
1068 1058 1070
1058 1056 1070
1063 1071 1061
1071 1072 1061
1073 1072 1074
1072 1071 1074
1068 1067 1071
1067 1074 1071
1071 1063 1068
1063 1058 1068
1074 1075 1073
1075 1076 1073
1075 1074 1077
1074 1067 1077
1078 1076 1079
1076 1075 1079
1080 1081 1077
1081 1082 1077
1077 1067 1080
1067 1069 1080
618 616 1083
616 1084 1083
622 620 1085
620 1086 1085
1087 1088 1089
1088 1090 1089
1086 1091 1090
1091 1089 1090
620 628 1086
628 1091 1086
1092 1090 1093
1090 1088 1093
1085 1086 1092
1086 1090 1092
1094 1085 1095
1085 1092 1095
1095 1092 1096
1092 1093 1096
1084 1094 1097
1094 1095 1097
1097 1095 1098
1095 1096 1098
1083 1084 1099
1084 1097 1099
1098 1100 1097
1100 1099 1097
1100 1098 1101
1098 1102 1101
1098 1096 1102
1096 1103 1102
1076 1078 1102
1078 1101 1102
1103 1104 1073
1104 1072 1073
1061 1072 1059
1072 1104 1059
1073 1076 1103
1076 1102 1103
1066 1105 1065
1105 1106 1065
1107 1108 1109
1108 1110 1109
1088 1087 1059
1087 1060 1059
1104 1103 1093
1103 1096 1093
1093 1088 1104
1088 1059 1104
1039 1012 1055
1012 1056 1055
1065 1033 1055
1033 1039 1055
1013 1069 1010
1069 1070 1010
1056 1012 1070
1012 1010 1070
1111 1080 1013
1080 1069 1013
1106 1035 1065
1035 1033 1065
652 1112 651
1112 1113 651
1112 1114 1115
1114 1116 1115
651 1113 656
1115 1116 1117
1116 1118 1117
652 659 1112
659 1114 1112
1116 1037 1118
1037 1119 1118
768 772 1120
772 1121 1120
1122 1123 1124
1125 1126 1127
1126 1128 1127
1129 1130 1131
1130 1132 1131
836 1133 1134
1133 1135 1134
678 677 1110
677 1109 1110
1036 1034 1136
1034 1137 1136
1035 1106 1138
1106 1139 1138
1114 1050 1116
1050 1038 1116
1140 1139 1105
1139 1106 1105
1127 1128 1129
1128 1130 1129
1105 1141 1140
1141 1135 1140
1066 1142 1105
1142 1141 1105
1143 1144 1107
1144 1108 1107
1144 1143 1145
1143 1146 1145
1145 1146 1147
1146 1148 1147
1147 1149 1064
1142 1066 1150
1066 1149 1150
1150 1151 1142
1151 1152 1142
1153 1154 1155
1154 1156 1155
1157 1156 1158
1156 1154 1158
1142 1152 1141
1152 1159 1141
1160 1161 1157
1161 1156 1157
1162 1163 1132
1163 1131 1132
1034 1035 1137
1035 1138 1137
1164 1165 1166
1165 1167 1166
1168 1169 1167
1169 1166 1167
1169 1168 1170
1168 1171 1170
1170 1171 1172
1171 1173 1172
1150 1149 1174
1149 1148 1174
1146 1165 1148
1165 1174 1148
1143 1167 1146
1167 1165 1146
1167 1143 1168
1143 1107 1168
1109 1171 1107
1171 1168 1107
1173 1109 677
1161 1160 1121
1160 1120 1121
1157 1131 1160
1131 1163 1160
1131 1157 1158
1175 1129 1158
1129 1131 1158
1176 1127 1175
1127 1129 1175
1127 1176 1125
1176 1177 1125
1123 1122 1178
1122 1125 1179
1125 1122 1126
1116 1038 1037
1064 1149 1057
1149 1066 1057
1057 1058 1064
1058 1063 1064
1180 1081 1111
1081 1080 1111
1079 1075 1082
1075 1077 1082
1013 1005 1111
1005 1007 1111
1111 1007 1180
1007 1181 1180
1120 1182 768
1182 769 768
774 769 1183
769 1182 1183
1182 1120 1163
1120 1160 1163
1183 1182 1162
1182 1163 1162
1113 1115 1184
835 836 1185
836 1134 1185
1159 1186 1134
1186 1185 1134
1152 1155 1159
1155 1186 1159
1158 1154 1175
1154 1187 1175
1175 1187 1176
1187 1188 1176
1189 1177 1188
1177 1176 1188
1177 1190 1179
1179 1190 1191
1178 1179 1191
1154 1153 1187
1153 1192 1187
1187 1192 1188
1192 1193 1188
1188 1193 1189
1193 1194 1189
1189 1194 1190
1194 1195 1190
1190 1195 1191
1195 1196 1191
1196 1197 1191
1197 1198 1191
1151 1153 1152
1153 1155 1152
1153 1151 1192
1151 1199 1192
1164 1193 1199
1193 1192 1199
1193 1164 1194
1164 1166 1194
1169 1195 1166
1195 1194 1166
1170 1196 1169
1196 1195 1169
1172 1197 1170
1197 1196 1170
1134 1135 1159
1135 1141 1159
1151 1150 1199
1150 1174 1199
1165 1164 1174
1164 1199 1174
1185 1121 835
1121 772 835
1121 1185 1161
1185 1186 1161
1161 1186 1156
1186 1155 1156
659 579 1114
579 1050 1114
1115 1117 1184
743 1184 1200
743 656 1184
656 1113 1184
822 825 1119
825 1118 1119
1119 1136 822
1136 821 822
1136 1137 821
1137 819 821
818 819 1138
819 1137 1138
1201 818 1139
818 1138 1139
1139 1140 1201
1140 1202 1201
1133 1202 1135
1202 1140 1135
1037 1036 1119
1036 1136 1119
1024 1023 1037
1023 1036 1037
1054 1203 1049
1203 1008 1049
1007 1008 1181
1008 1203 1181
826 829 1117
829 1200 1117
1117 1118 826
1118 825 826
748 622 1094
622 1085 1094
749 1200 347
1200 829 347
616 748 1084
748 1094 1084
1184 1117 1200
582 1046 750
1046 1044 750
1043 751 1044
751 750 1044
751 1043 578
1043 1032 578
1025 1028 1026
1028 1031 1026
1045 1040 1042
1040 1041 1042
1018 1026 1015
1026 1041 1015
1047 1048 1045
1048 1040 1045
1052 1053 1047
1053 1048 1047
1030 1028 1025
1024 1030 1025
1178 1191 1198
789 856 848
780 848 781
790 798 799
855 856 800
1189 1190 1177
1004 1204 996
940 996 1205
959 996 940
1205 1204 985
985 938 1205
985 942 938
938 940 1205
942 939 938
986 993 945
996 1204 1205
876 875 925
875 995 925
814 816 1201
816 818 1201
1201 1202 814
1202 813 814
1202 1133 813
1133 833 813
1133 836 833
836 832 833
990 995 950
990 956 995
952 875 877
831 830 995
830 925 995
830 840 925
840 839 925
797 796 839
797 839 840
840 773 797
1173 755 1172
755 754 1172
754 756 1172
756 1197 1172
756 1206 1197
1206 1198 1197
1173 677 755
1171 1109 1173
1178 1198 1206
803 842 1001
801 803 999
805 801 999
809 805 1207
1208 809 1207
1208 851 794
851 795 794
851 807 795
807 767 795
807 760 767
760 305 767
926 843 965
843 804 965
965 804 964
804 802 964
806 962 802
962 964 802
810 963 806
963 962 806
808 961 810
961 963 810
793 920 808
920 961 808
766 922 793
922 920 793
765 924 766
924 922 766
304 521 765
521 924 765
926 841 843
931 897 926
785 842 841
1001 842 785
792 807 851
1207 1209 1208
1209 852 1208
1003 852 1210
852 1209 1210
1002 1003 1211
1003 1210 1211
999 998 1207
998 1209 1207
998 846 1209
846 1210 1209
846 847 1210
847 1211 1210
803 1001 999
767 766 795
793 808 794
307 760 807
1208 852 851
794 809 1208
805 999 1207
628 678 1091
678 1110 1091
1091 1110 1089
1110 1108 1089
1144 1087 1108
1087 1089 1108
1087 1144 1060
1144 1145 1060
1060 1145 1062
1145 1147 1062
1063 1061 1062
1064 1062 1147
1148 1149 1147
743 1200 749
1113 1112 1115
995 956 831
788 968 790
968 849 790
798 849 838
1000 1001 784
1001 785 784
896 850 787
850 786 787
857 786 782
782 786 850
968 788 896
788 850 896
1125 1177 1179
1122 1179 1178
1122 1124 1126
1123 1212 1124
1213 1214 1215
1216 1217 1218
1217 1219 1218
1220 1221 1222
1221 1217 1222
1223 1224 1225
1224 1221 1225
1226 1227 1228
1227 1229 1228
1230 1229 1231
1229 1227 1231
1232 1233 1234
1235 1213 1232
1213 1215 1232
1221 1220 1225
1214 1226 1215
1226 1228 1215
1217 1216 1222
1236 1217 1237
1217 1221 1237
1238 1239 1229
1239 1228 1229
1237 1221 1240
1221 1224 1240
1241 1238 1230
1238 1229 1230
1242 1243 1244
1243 1245 1244
1246 1247 1248
1247 1249 1248
1250 1251 1247
1251 1252 1247
1248 1249 1253
1249 1254 1253
1244 1255 1242
1255 1256 1242
1251 1257 1258
1259 1260 1252
1243 1242 1261
1262 1263 1264
1263 1245 1264
1232 1215 1265
1215 1239 1265
1257 1251 1266
1261 1267 1243
1252 1251 1258
1261 1242 1256
1268 1260 1259
1265 1239 1262
1239 1263 1262
1269 1263 1238
1263 1239 1238
1270 1269 1241
1269 1238 1241
1253 1271 1248
1271 1236 1248
1248 1236 1246
1236 1237 1246
1246 1237 1272
1237 1240 1272
1250 1272 1273
1272 1274 1273
1275 1264 1276
1264 1277 1276
1265 1278 1232
1278 1279 1232
1262 1280 1265
1280 1278 1265
1272 1240 1274
1240 1281 1274
1224 1282 1283
1224 1223 1282
1224 1283 1284
1283 1285 1284
1239 1215 1228
1217 1236 1219
1236 1271 1219
1240 1224 1281
1224 1284 1281
1244 1245 1269
1245 1263 1269
1247 1252 1249
1252 1260 1249
1272 1250 1246
1250 1247 1246
1249 1260 1254
1260 1268 1254
1255 1244 1270
1244 1269 1270
1264 1245 1277
1245 1243 1277
1251 1250 1266
1250 1273 1266
1264 1275 1262
1275 1280 1262
1232 1279 1233
1279 1286 1233
1235 1232 1234
1267 1287 1243
1287 1277 1243
1276 1277 1288
1277 1287 1288
1289 1257 1266
1259 1252 1258
1290 1291 1292
1291 1293 1292
1294 1295 1296
1295 1297 1296
1298 1294 1299
1294 1296 1299
1300 1301 1302
1301 1303 1302
1304 1305 1306
1305 1307 1306
1308 1298 1309
1298 1299 1309
1310 1311 1293
1311 1292 1293
1303 1301 1312
1301 1313 1312
1314 1315 1316
1315 1317 1316
1315 1314 1318
1314 1319 1318
1306 1308 1304
1308 1309 1304
1316 1317 1320
1317 1321 1320
1311 1310 1313
1310 1312 1313
1302 1307 1300
1307 1305 1300
1295 1322 1297
1322 1323 1297
1318 1319 1290
1319 1291 1290
1324 1325 1326
1327 1328 1329
1328 1330 1329
1329 1331 1332
1331 1333 1332
1331 1334 1335
1334 1336 1335
1337 1338 1339
1338 1340 1339
1341 1342 1340
1342 1339 1340
1343 1344 1345
1325 1324 1343
1324 1346 1343
1331 1335 1333
1338 1337 1325
1337 1326 1325
1329 1332 1327
1331 1329 1347
1329 1348 1347
1338 1349 1340
1349 1350 1340
1334 1331 1351
1331 1347 1351
1340 1350 1341
1350 1352 1341
1353 1354 1355
1354 1356 1355
1357 1358 1359
1358 1360 1359
1361 1359 1362
1359 1363 1362
1358 1364 1360
1364 1365 1360
1366 1367 1353
1367 1354 1353
1362 1368 1369
1370 1363 1371
1355 1372 1353
1373 1374 1375
1374 1356 1375
1349 1325 1376
1325 1343 1376
1369 1377 1362
1372 1355 1378
1363 1368 1362
1372 1366 1353
1379 1370 1371
1376 1373 1349
1373 1375 1349
1349 1375 1350
1375 1380 1350
1350 1380 1352
1380 1381 1352
1364 1358 1382
1358 1348 1382
1347 1348 1357
1348 1358 1357
1351 1347 1383
1347 1357 1383
1384 1383 1385
1383 1361 1385
1386 1374 1387
1374 1388 1387
1376 1343 1389
1343 1390 1389
1373 1376 1391
1376 1389 1391
1392 1351 1384
1351 1383 1384
1334 1393 1394
1334 1394 1336
1395 1393 1396
1393 1334 1396
1349 1338 1325
1382 1348 1330
1348 1329 1330
1396 1334 1392
1334 1351 1392
1354 1380 1356
1380 1375 1356
1359 1360 1363
1360 1371 1363
1383 1357 1361
1357 1359 1361
1360 1365 1371
1365 1379 1371
1367 1381 1354
1381 1380 1354
1355 1356 1386
1356 1374 1386
1385 1361 1377
1361 1362 1377
1374 1373 1388
1373 1391 1388
1397 1390 1345
1390 1343 1345
1346 1344 1343
1378 1355 1398
1355 1386 1398
1387 1399 1386
1399 1398 1386
1400 1377 1369
1370 1368 1363
1401 1402 1403
1402 1404 1403
1405 1406 1407
1406 1408 1407
1409 1410 1405
1410 1406 1405
1411 1412 1413
1412 1414 1413
1415 1416 1417
1416 1418 1417
1419 1420 1409
1420 1410 1409
1402 1421 1404
1421 1422 1404
1423 1412 1424
1412 1411 1424
1425 1426 1427
1426 1428 1427
1427 1429 1425
1429 1430 1425
1417 1418 1419
1418 1420 1419
1426 1431 1428
1431 1432 1428
1421 1423 1422
1423 1424 1422
1416 1415 1414
1415 1413 1414
1433 1434 1408
1434 1407 1408
1429 1401 1430
1401 1403 1430
1435 1436 1437
1436 1438 1437
1439 1435 1440
1435 1437 1440
1441 1439 1442
1439 1440 1442
1443 1441 1444
1441 1442 1444
1445 1443 1446
1443 1444 1446
1447 1448 1449
1448 1450 1449
1449 1451 1452
1436 1453 1438
1454 1447 1449
1454 1449 1452
1455 1456 1457
1456 1458 1457
1457 1458 1459
1458 1460 1459
1459 1460 1461
1460 1462 1461
1461 1462 1463
1462 1464 1463
1463 1464 1465
1464 1466 1465
1467 1468 1469
1468 1470 1469
1469 1471 1472
1456 1455 1473
1474 1469 1470
1474 1471 1469
