byte offset: 0
first index: 7008
index count: 2292
topology: trianglelist
format: DXGI_FORMAT_R16_UINT

1475 1476 1477
1478 1479 1480
1481 1476 1475
1482 1483 1484
1485 1486 1487
1488 1489 1490
1491 1492 1493
1494 1495 1496
1497 1495 1494
1498 1499 1500
1501 1502 1503
1502 1501 1504
1505 1502 1506
1507 1502 1505
1508 1502 1507
1509 1502 1508
1510 1502 1509
1502 1511 1503
1502 1512 1511
1502 1513 1512
1502 1510 1513
1514 1515 1488
1490 1489 1477
1516 1481 1517
1516 1517 1518
1518 1519 1520
1492 1491 1499
1491 1500 1499
1514 1497 1521
1484 1483 1498
1483 1499 1498
1480 1479 1482
1479 1483 1482
1487 1486 1478
1486 1479 1478
1496 1495 1485
1495 1486 1485
1519 1493 1492
1502 1504 1506
1497 1522 1523
1497 1494 1522
1524 1515 1514
1497 1525 1521
1524 1514 1521
1497 1523 1525
1516 1476 1481
1476 1490 1477
1488 1490 1514
1518 1520 1516
1520 1519 1492
1504 1526 1506
1526 1527 1506
1501 1528 1504
1528 1526 1504
1503 1529 1501
1529 1528 1501
1511 1530 1503
1530 1529 1503
1531 1530 1512
1530 1511 1512
1513 1532 1512
1532 1531 1512
1510 1533 1513
1533 1532 1513
1509 1534 1510
1534 1533 1510
1508 1535 1509
1535 1534 1509
1507 1536 1508
1536 1535 1508
1505 1537 1507
1537 1536 1507
1506 1527 1505
1527 1537 1505
1538 1539 1540
1541 1542 1543
1544 1538 1540
1545 1546 1547
1548 1549 1550
1551 1552 1553
1554 1555 1556
1557 1558 1559
1560 1557 1559
1561 1562 1563
1564 1565 1566
1566 1567 1564
1568 1569 1566
1570 1568 1566
1571 1570 1566
1572 1571 1566
1573 1572 1566
1566 1565 1574
1566 1574 1575
1566 1575 1576
1566 1576 1573
1577 1551 1578
1552 1539 1553
1579 1580 1544
1579 1581 1580
1581 1582 1583
1562 1554 1563
1554 1556 1563
1577 1584 1560
1563 1547 1561
1547 1546 1561
1547 1543 1545
1543 1542 1545
1543 1550 1541
1550 1549 1541
1550 1559 1548
1559 1558 1548
1583 1556 1555
1566 1569 1567
1560 1585 1586
1560 1586 1557
1587 1577 1578
1560 1584 1588
1587 1584 1577
1560 1588 1585
1579 1544 1540
1540 1539 1552
1551 1577 1552
1581 1579 1582
1582 1556 1583
1589 1590 1569
1590 1567 1569
1590 1591 1567
1591 1564 1567
1591 1592 1564
1592 1565 1564
1592 1593 1565
1593 1574 1565
1593 1594 1574
1594 1575 1574
1594 1595 1575
1595 1576 1575
1595 1596 1576
1596 1573 1576
1596 1597 1573
1597 1572 1573
1597 1598 1572
1598 1571 1572
1598 1599 1571
1599 1570 1571
1599 1600 1570
1600 1568 1570
1600 1589 1568
1589 1569 1568
1601 1602 1603
1604 1605 1606
1605 1607 1606
1608 1609 1610
1609 1611 1610
1612 1605 1613
1605 1604 1613
1610 1611 1614
1611 1615 1614
1614 1615 1616
1615 1617 1616
1606 1607 1601
1607 1602 1601
1618 1619 1612
1620 1621 1622
1612 1619 1605
1601 1603 1608
1603 1609 1608
1623 1624 1607
1625 1626 1627
1607 1627 1623
1627 1626 1623
1624 1602 1607
1609 1603 1628
1621 1620 1617
1620 1616 1617
1629 1630 1631
1632 1633 1634
1633 1635 1634
1636 1637 1638
1637 1639 1638
1635 1633 1640
1633 1641 1640
1642 1636 1643
1636 1638 1643
1644 1642 1645
1642 1643 1645
1631 1632 1629
1632 1634 1629
1646 1641 1647
1648 1649 1650
1641 1633 1647
1637 1630 1639
1630 1629 1639
1651 1632 1652
1653 1654 1655
1655 1654 1651
1654 1632 1651
1652 1632 1631
1637 1656 1630
1645 1648 1644
1648 1650 1644
1657 1658 1659
1658 1660 1659
1661 1662 1663
1662 1664 1663
1665 1666 1667
1666 1668 1667
1669 1670 1671
1672 1673 1674
1673 1675 1674
1676 1677 1678
1664 1679 1663
1668 1680 1667
1660 1681 1659
1669 1671 1661
1671 1662 1661
1673 1672 1665
1672 1666 1665
1678 1677 1657
1677 1658 1657
1682 1683 1684
1683 1685 1684
1686 1687 1688
1689 1690 1691
1692 1693 1694
1693 1695 1694
1696 1697 1698
1697 1699 1698
1697 1700 1701
1702 1703 1704
1705 1706 1707
1706 1708 1707
1709 1708 1710
1711 1712 1684
1713 1714 1715
1716 1717 1718
1717 1719 1718
1720 1721 1722
1723 1724 1725
1724 1722 1725
1726 1727 1728
1727 1729 1728
1730 1731 1732
1733 1734 1735
1736 1737 1738
1737 1739 1738
1740 1741 1742
1737 1743 1739
1743 1744 1739
1745 1746 1747
1748 1749 1750
1751 1750 1752
1750 1749 1752
1753 1754 1755
1756 1757 1758
1757 1759 1758
1760 1761 1762
1763 1764 1765
1764 1766 1765
1767 1768 1769
1768 1770 1769
1771 1772 1773
1774 1775 1776
1777 1778 1779
1780 1781 1768
1782 1783 1784
1783 1785 1784
1786 1787 1788
1787 1789 1788
1790 1791 1763
1791 1764 1763
1792 1793 1794
1793 1795 1794
1796 1797 1798
1783 1799 1800
1800 1799 1801
1799 1802 1801
1803 1804 1805
1804 1806 1805
1744 1743 1807
1761 1808 1762
1808 1809 1762
1784 1785 1810
1698 1695 1696
1695 1693 1696
1716 1718 1811
1788 1789 1790
1789 1791 1790
1725 1729 1723
1729 1727 1723
1765 1766 1770
1766 1769 1770
1683 1812 1685
1812 1813 1685
1794 1814 1792
1814 1815 1792
1787 1786 1803
1786 1804 1803
1816 1719 1817
1818 1819 1820
1819 1821 1820
1822 1751 1823
1751 1752 1823
1776 1775 1824
1775 1825 1824
1728 1826 1726
1826 1827 1726
1812 1731 1813
1731 1730 1813
1814 1797 1815
1797 1796 1815
1801 1802 1828
1709 1710 1829
1709 1829 1701
1700 1830 1831
1700 1831 1701
1756 1758 1832
1701 1829 1699
1697 1701 1699
1684 1712 1682
1833 1834 1828
1834 1835 1828
1836 1837 1838
1830 1818 1831
1818 1820 1831
1823 1827 1822
1827 1826 1822
1781 1780 1839
1780 1840 1839
1841 1705 1707
1702 1821 1703
1821 1819 1703
1757 1755 1759
1755 1754 1759
1779 1778 1771
1778 1772 1771
1839 1840 1825
1840 1824 1825
1805 1806 1801
1842 1689 1843
1844 1686 1711
1845 1816 1713
1816 1817 1713
1719 1717 1817
1691 1690 1846
1721 1720 1811
1718 1721 1811
1847 1848 1691
1689 1691 1843
1849 1850 1694
1851 1852 1853
1854 1855 1856
1857 1858 1859
1860 1861 1862
1861 1863 1862
1864 1865 1866
1865 1867 1866
1868 1869 1870
1871 1872 1873
1872 1874 1873
1856 1855 1875
1843 1857 1859
1876 1860 1862
1861 1871 1863
1871 1873 1863
1858 1868 1877
1867 1854 1878
1879 1865 1864
1869 1880 1881
1872 1882 1874
1843 1859 1842
1883 1884 1885
1886 1887 1888
1889 1890 1891
1892 1893 1894
1895 1896 1897
1898 1899 1900
1901 1902 1903
1904 1905 1906
1890 1898 1907
1887 1895 1908
1893 1883 1909
1884 1910 1911
1901 1886 1902
1905 1889 1906
1889 1891 1906
1712 1711 1686
1738 1733 1912
1740 1747 1741
1747 1746 1741
1712 1686 1688
1809 1808 1913
1738 1912 1736
1783 1782 1914
1799 1783 1914
1720 1722 1724
1915 1740 1742
1805 1801 1828
1713 1715 1845
1902 1886 1888
1843 1691 1848
1828 1835 1805
1834 1833 1916
1833 1917 1916
1916 1917 1838
1917 1836 1838
1859 1858 1877
1877 1868 1870
1888 1887 1908
1908 1895 1897
1893 1909 1894
1907 1898 1900
1891 1890 1907
1870 1869 1881
1913 1808 1918
1780 1768 1767
1780 1767 1777
1777 1779 1780
1710 1708 1706
1694 1850 1692
1884 1911 1885
1883 1885 1909
1867 1878 1866
1854 1856 1878
1912 1733 1735
1919 1920 1921
1920 1922 1921
1920 1923 1922
1923 1924 1922
1925 1926 1927
1923 1928 1924
1928 1929 1924
1930 1931 1919
1932 1929 1933
1929 1928 1933
1934 1932 1935
1932 1933 1935
1936 1934 1937
1934 1935 1937
1926 1936 1927
1936 1937 1927
1938 1939 1940
1939 1941 1940
1942 1943 1944
1943 1945 1944
1945 1943 1946
1947 1948 1949
1948 1950 1949
1950 1951 1949
1939 1952 1941
1952 1953 1941
1940 1954 1938
1954 1955 1938
1954 1956 1955
1956 1957 1955
1958 1931 1959
1931 1930 1959
1956 1960 1957
1960 1961 1957
1930 1921 1962
1950 1958 1951
1958 1959 1951
1960 1930 1961
1930 1962 1961
1963 1964 1965
1964 1966 1965
1967 1968 1969
1968 1970 1969
1968 1971 1970
1971 1972 1970
1971 1973 1972
1973 1974 1972
1975 1974 1976
1974 1973 1976
1977 1975 1976
1978 1967 1979
1967 1969 1979
1980 1981 1982
1979 1963 1978
1963 1965 1978
1964 1982 1966
1982 1981 1966
1930 1919 1921
1983 1984 1985
1984 1986 1985
1987 1988 1989
1988 1990 1989
1991 1992 1993
1992 1994 1993
1995 1996 1997
1998 1999 2000
1999 2001 2000
2002 2003 2004
1987 1989 2005
1991 1993 2006
1983 1985 2007
1988 1996 1990
1996 1995 1990
1992 2001 1994
2001 1999 1994
1984 2004 1986
2004 2003 1986
2008 2009 2010
2009 2011 2010
2012 2013 2014
2015 2016 2017
2018 2019 2020
2019 2021 2020
2022 2023 2024
2023 2025 2024
2023 2026 2027
2028 2029 2030
2031 2032 2033
2032 2034 2033
2035 2036 2031
2037 2010 2038
2039 2040 2041
2042 2043 2044
2043 2045 2044
2046 2047 2048
2047 2049 2050
2049 2051 2050
2052 2053 2054
2053 2055 2054
2056 2057 2058
2059 2060 2061
2062 2063 2064
2063 2065 2064
2066 2067 2068
2069 2070 2062
2070 2063 2062
2071 2072 2073
2074 2075 2076
2076 2075 2077
2075 2078 2077
2079 2080 2081
2082 2083 2084
2083 2085 2084
2086 2087 2088
2089 2090 2091
2090 2092 2091
2093 2094 2095
2094 2096 2095
2097 2098 2099
2100 2101 2102
2103 2104 2105
2106 2094 2107
2108 2109 2110
2109 2111 2110
2112 2113 2114
2113 2115 2114
2090 2116 2092
2116 2117 2092
2118 2119 2120
2119 2121 2120
2122 2123 2124
2109 2125 2126
2127 2126 2128
2126 2125 2128
2129 2130 2131
2130 2132 2131
2069 2133 2070
2134 2135 2087
2135 2088 2087
2110 2136 2108
2019 2018 2025
2018 2024 2025
2045 2137 2044
2116 2112 2117
2112 2114 2117
2053 2052 2051
2052 2050 2051
2095 2089 2093
2089 2091 2093
2138 2139 2008
2139 2009 2008
2140 2141 2121
2141 2120 2121
2130 2115 2132
2115 2113 2132
2142 2143 2042
2144 2145 2146
2145 2147 2146
2077 2078 2148
2078 2149 2148
2150 2102 2151
2102 2101 2151
2152 2153 2055
2153 2054 2055
2056 2058 2138
2058 2139 2138
2122 2124 2140
2124 2141 2140
2128 2154 2127
2035 2155 2036
2035 2026 2155
2027 2156 2157
2027 2026 2156
2085 2158 2084
2026 2022 2155
2023 2022 2026
2010 2011 2038
2159 2160 2154
2160 2161 2154
2162 2163 2164
2146 2147 2156
2147 2157 2156
2153 2152 2149
2152 2148 2149
2165 2106 2166
2106 2107 2166
2167 2033 2034
2145 2144 2030
2144 2028 2030
2081 2080 2082
2080 2083 2082
2099 2105 2097
2105 2104 2097
2151 2165 2150
2165 2166 2150
2131 2128 2129
2168 2169 2015
2170 2037 2012
2143 2142 2039
2142 2171 2039
2042 2143 2043
2016 2172 2017
2048 2137 2046
2044 2137 2048
2173 2016 2174
2015 2169 2016
2175 2020 2176
2177 2178 2179
2180 2181 2182
2183 2184 2185
2186 2187 2188
2187 2189 2188
2190 2191 2192
2191 2193 2192
2194 2195 2196
2197 2198 2199
2198 2200 2199
2181 2201 2182
2169 2184 2183
2202 2188 2189
2199 2200 2186
2200 2187 2186
2185 2203 2194
2190 2204 2180
2205 2193 2191
2196 2206 2207
2198 2197 2208
2169 2168 2184
2209 2210 2211
2212 2213 2214
2215 2216 2217
2218 2219 2220
2221 2222 2223
2224 2225 2226
2227 2228 2229
2230 2231 2232
2217 2233 2224
2214 2234 2221
2220 2235 2209
2211 2236 2237
2227 2229 2212
2216 2215 2231
2215 2232 2231
2038 2012 2037
2064 2238 2059
2073 2072 2068
2072 2066 2068
2038 2013 2012
2134 2239 2135
2064 2065 2238
2109 2240 2111
2126 2240 2109
2046 2049 2047
2241 2067 2066
2131 2154 2128
2039 2171 2040
2229 2213 2212
2169 2174 2016
2154 2131 2159
2242 2161 2243
2161 2160 2243
2162 2242 2163
2242 2243 2163
2184 2203 2185
2203 2195 2194
2213 2234 2214
2234 2222 2221
2220 2219 2235
2233 2225 2224
2216 2233 2217
2195 2206 2196
2239 2244 2135
2106 2096 2094
2106 2103 2096
2103 2106 2104
2036 2032 2031
2020 2021 2176
2211 2210 2236
2209 2235 2210
2190 2192 2204
2180 2204 2181
2238 2060 2059
2245 2246 2247
2246 2248 2247
2249 2250 2245
2250 2246 2245
2251 2252 2253
2254 2255 2249
2255 2250 2249
2256 2248 2257
2255 2254 2258
2254 2259 2258
2258 2259 2260
2259 2261 2260
2260 2261 2262
2261 2263 2262
2262 2263 2252
2263 2253 2252
2264 2265 2266
2265 2267 2266
2268 2269 2270
2269 2271 2270
2268 2272 2269
2273 2274 2275
2276 2277 2274
2277 2275 2274
2278 2279 2264
2279 2265 2264
2280 2281 2267
2281 2266 2267
2282 2283 2280
2283 2281 2280
2256 2257 2284
2257 2285 2284
2286 2287 2282
2287 2283 2282
2256 2288 2247
2284 2285 2276
2285 2277 2276
2288 2256 2286
2256 2287 2286
2289 2290 2291
2290 2292 2291
2293 2294 2295
2294 2296 2295
2297 2298 2293
2298 2294 2293
2299 2300 2297
2300 2298 2297
2300 2299 2301
2299 2302 2301
2303 2301 2302
2295 2296 2304
2296 2305 2304
2306 2307 2308
2291 2292 2305
2292 2304 2305
2308 2307 2289
2307 2290 2289
2256 2247 2248
