byte offset: 0
first index: 9990
index count: 1248
topology: trianglelist
format: DXGI_FORMAT_R16_UINT

2394 2395 2396
2397 2398 2399
2397 2399 2400
2401 2402 2403
2404 2405 2406
2406 2405 2407
2407 2405 2408
2408 2405 2409
2410 2409 2405
2411 2410 2405
2412 2411 2405
2405 2413 2412
2405 2414 2413
2405 2415 2414
2405 2416 2415
2417 2416 2405
2418 2417 2405
2419 2418 2405
2420 2405 2421
2421 2405 2422
2422 2405 2423
2423 2405 2424
2425 2424 2405
2426 2427 2428
2405 2420 2429
2430 2431 2432
2430 2433 2431
2405 2429 2419
2434 2435 2427
2434 2436 2435
2436 2437 2435
2436 2438 2437
2438 2439 2437
2438 2440 2439
2440 2441 2439
2440 2442 2441
2442 2443 2441
2442 2444 2443
2444 2445 2443
2444 2446 2445
2446 2447 2445
2446 2448 2447
2449 2450 2405
2451 2449 2405
2451 2405 2404
2426 2434 2427
2450 2425 2405
2452 2426 2428
2452 2428 2453
2454 2455 2452
2454 2452 2453
2456 2457 2455
2447 2448 2458
2456 2455 2454
2459 2460 2457
2459 2457 2456
2461 2462 2460
2461 2460 2459
2463 2464 2462
2463 2462 2461
2465 2466 2464
2465 2464 2463
2467 2468 2466
2467 2466 2465
2469 2470 2468
2469 2468 2467
2471 2470 2469
2471 2469 2472
2473 2471 2472
2473 2472 2474
2475 2473 2474
2475 2474 2476
2430 2432 2475
2430 2475 2476
2477 2478 2431
2477 2431 2433
2479 2458 2478
2479 2478 2477
2480 2481 2401
2481 2482 2401
2482 2483 2401
2483 2484 2401
2485 2401 2484
2486 2401 2485
2487 2401 2486
2401 2487 2488
2401 2488 2489
2401 2489 2490
2401 2490 2491
2492 2401 2491
2493 2401 2492
2494 2401 2493
2403 2495 2401
2495 2496 2401
2496 2497 2401
2497 2498 2401
2499 2401 2498
2500 2401 2499
2501 2401 2500
2502 2401 2501
2502 2480 2401
2396 2395 2503
2396 2503 2504
2394 2505 2395
2447 2458 2479
2506 2505 2394
2506 2394 2507
2508 2506 2507
2508 2507 2509
2510 2508 2509
2510 2509 2511
2512 2510 2511
2512 2511 2513
2514 2512 2513
2514 2513 2515
2516 2514 2515
2516 2515 2517
2518 2516 2517
2518 2517 2519
2520 2518 2519
2520 2519 2521
2522 2523 2520
2522 2520 2521
2524 2525 2523
2524 2523 2522
2526 2527 2525
2526 2525 2524
2397 2527 2526
2397 2526 2398
2528 2400 2399
2528 2399 2529
2530 2528 2529
2530 2529 2531
2532 2530 2531
2532 2531 2533
2534 2535 2532
2534 2532 2533
2536 2537 2535
2536 2535 2534
2538 2539 2537
2538 2537 2536
2540 2541 2539
2540 2539 2538
2542 2543 2541
2542 2541 2540
2544 2545 2543
2544 2543 2542
2504 2503 2545
2504 2545 2544
2401 2494 2402
2546 2547 2548
2549 2547 2546
2550 2547 2549
2551 2552 2553
2551 2554 2555
2556 2557 2551
2558 2556 2551
2559 2558 2551
2560 2561 2551
2562 2560 2551
2563 2562 2551
2564 2563 2551
2555 2564 2551
2565 2554 2551
2566 2565 2551
2567 2566 2551
2568 2567 2551
2569 2568 2551
2570 2569 2551
2553 2570 2551
2571 2552 2551
2572 2571 2551
2557 2572 2551
2573 2547 2574
2574 2547 2575
2575 2547 2576
2576 2547 2577
2577 2547 2578
2578 2547 2579
2579 2547 2580
2581 2547 2582
2582 2547 2583
2583 2547 2584
2584 2547 2585
2585 2547 2586
2587 2547 2588
2588 2547 2589
2589 2547 2550
2547 2581 2580
2547 2573 2548
2590 2591 2592
2590 2592 2593
2594 2595 2596
2594 2596 2597
2598 2594 2597
2598 2597 2599
2600 2601 2598
2600 2598 2599
2591 2590 2601
2591 2601 2600
2593 2592 2602
2595 2603 2604
2595 2604 2596
2603 2605 2606
2603 2606 2604
2605 2607 2608
2605 2608 2606
2608 2607 2609
2610 2611 2612
2613 2610 2612
2613 2612 2614
2615 2616 2617
2615 2617 2618
2619 2620 2616
2619 2616 2615
2621 2620 2619
2621 2619 2622
2614 2621 2622
2614 2622 2613
2618 2617 2623
2618 2623 2624
2624 2623 2625
2624 2625 2626
2626 2625 2627
2626 2627 2628
2627 2629 2628
2630 2631 2632
2632 2633 2630
2634 2635 2636
2634 2637 2635
2638 2634 2639
2640 2641 2642
2643 2641 2644
2644 2632 2643
2645 2646 2647
2645 2647 2636
2636 2648 2645
2649 2650 2651
2652 2653 2654
2655 2656 2657
2658 2659 2660
2659 2658 2661
2662 2663 2664
2662 2660 2659
2654 2649 2652
2649 2654 2650
2649 2651 2665
2666 2667 2657
2663 2668 2666
2668 2663 2662
2669 2670 2652
2652 2670 2653
2642 2671 2640
2640 2644 2641
2667 2666 2668
2655 2657 2667
2672 2642 2647
2656 2669 2657
2669 2673 2670
2631 2643 2632
2660 2662 2664
2672 2671 2642
2656 2673 2669
2634 2638 2637
2636 2635 2648
2647 2646 2672
2674 2630 2633
2633 2675 2674
2676 2677 2678
2677 2679 2678
2679 2680 2678
2680 2681 2678
2681 2682 2678
2682 2683 2678
2683 2684 2678
2684 2676 2678
2685 2686 2687
2686 2688 2687
2688 2689 2687
2689 2690 2687
2690 2691 2687
2691 2692 2687
2692 2693 2687
2693 2685 2687
2694 2695 2696
2694 2697 2695
2694 2696 2698
2694 2698 2699
2694 2699 2700
2694 2700 2701
2694 2701 2702
2694 2702 2703
2694 2703 2704
2694 2704 2705
2694 2705 2706
2694 2706 2697
2707 2708 2709
2707 2709 2710
2707 2711 2708
2707 2712 2711
2707 2713 2712
2707 2714 2713
2707 2715 2714
2707 2716 2715
2707 2717 2716
2707 2718 2717
2707 2719 2718
2707 2710 2719
2720 2721 2722
2720 2723 2721
2720 2722 2724
2720 2724 2725
2720 2726 2727
2720 2727 2728
2720 2728 2729
2720 2729 2730
2720 2731 2732
2720 2732 2733
2720 2733 2734
2720 2734 2735
2720 2735 2723
2720 2730 2731
2720 2725 2726
2736 2737 2738
2736 2739 2737
2736 2738 2740
2736 2740 2741
2736 2742 2743
2736 2743 2744
2736 2744 2745
2736 2745 2746
2736 2747 2748
2736 2748 2749
2736 2749 2750
2736 2750 2751
2736 2751 2739
2736 2746 2747
2736 2741 2742
2752 2753 2754
2752 2755 2753
2752 2754 2756
2752 2756 2757
2752 2758 2759
2752 2759 2760
2752 2761 2762
2752 2762 2763
2752 2764 2765
2752 2765 2766
2752 2767 2768
2752 2769 2770
2752 2771 2755
2752 2763 2772
2752 2757 2758
2752 2766 2767
2752 2768 2769
2752 2772 2764
2752 2760 2761
2752 2770 2771
2773 2774 2775
2773 2776 2774
2773 2775 2777
2773 2778 2779
2773 2780 2781
2773 2781 2782
2773 2782 2783
2773 2784 2785
2773 2786 2787
2773 2787 2788
2773 2788 2789
2773 2789 2790
2773 2790 2776
2773 2785 2791
2773 2779 2792
2773 2791 2786
2773 2783 2784
2773 2792 2780
2773 2777 2778
2793 2794 2795
2793 2796 2794
2793 2795 2797
2793 2797 2798
2799 2800 2801
2799 2801 2802
2803 2804 2805
2803 2805 2806
2803 2807 2808
2803 2808 2809
2803 2810 2811
2793 2812 2813
2793 2814 2796
2803 2806 2815
2799 2798 2800
2803 2809 2810
2793 2816 2812
2803 2815 2807
2803 2802 2804
2793 2813 2814
2817 2818 2819
2817 2820 2818
2821 2819 2822
2821 2823 2824
2821 2825 2826
2821 2826 2827
2821 2827 2828
2821 2829 2830
2821 2831 2832
2821 2832 2833
2821 2833 2834
2821 2834 2835
2821 2835 2820
2821 2830 2836
2821 2824 2837
2821 2836 2831
2821 2828 2829
2821 2837 2825
2821 2822 2823
