byte offset: 0
first index: 7596
index count: 2394
topology: trianglelist
format: DXGI_FORMAT_R16_UINT

1657 1658 1659
1657 1659 1660
1661 1662 1663
1664 1665 1666
1667 1660 1668
1667 1668 1669
1670 1671 1672
1673 1674 1675
1673 1675 1676
1677 1678 1679
1680 1672 1671
1680 1671 1681
1682 1674 1678
1683 1681 1684
1685 1686 1687
1688 1689 1690
1688 1690 1691
1688 1692 1693
1686 1685 1694
1686 1694 1695
1666 1665 1695
1666 1695 1696
1688 1697 1698
1689 1688 1699
1699 1688 1700
1700 1688 1701
1692 1688 1691
1701 1688 1698
1673 1676 1702
1660 1703 1704
1705 1662 1661
1705 1661 1706
1705 1706 1707
1684 1681 1705
1686 1671 1670
1686 1670 1687
1674 1682 1708
1678 1665 1679
1681 1683 1680
1679 1665 1664
1682 1678 1677
1674 1708 1675
1693 1709 1688
1709 1697 1688
1696 1695 1710
1695 1694 1710
1660 1662 1689
1660 1689 1699
1673 1660 1699
1673 1699 1700
1674 1673 1700
1674 1700 1701
1681 1671 1692
1681 1692 1691
1678 1674 1701
1678 1701 1698
1690 1689 1662
1690 1662 1705
1691 1690 1705
1691 1705 1681
1693 1692 1671
1693 1671 1686
1686 1695 1709
1686 1709 1693
1695 1665 1697
1695 1697 1709
1698 1697 1665
1698 1665 1678
1711 1712 1713
1711 1713 1714
1715 1716 1717
1718 1719 1720
1721 1722 1723
1721 1723 1712
1724 1725 1726
1727 1728 1729
1727 1729 1730
1731 1732 1733
1734 1735 1726
1734 1726 1725
1736 1733 1730
1737 1738 1735
1739 1740 1741
1742 1743 1744
1742 1745 1743
1742 1746 1747
1741 1748 1749
1741 1749 1739
1719 1750 1748
1719 1748 1720
1742 1751 1752
1744 1753 1742
1753 1754 1742
1754 1755 1742
1747 1745 1742
1755 1751 1742
1727 1756 1728
1757 1758 1759
1760 1761 1715
1760 1715 1717
1760 1738 1762
1738 1760 1735
1741 1740 1724
1741 1724 1726
1730 1763 1736
1733 1732 1720
1735 1734 1764
1732 1718 1720
1736 1731 1733
1730 1729 1763
1746 1742 1765
1765 1742 1752
1750 1766 1748
1748 1766 1749
1767 1753 1744
1767 1744 1717
1727 1754 1753
1727 1753 1767
1730 1755 1754
1730 1754 1727
1735 1745 1747
1735 1747 1726
1733 1751 1755
1733 1755 1730
1743 1760 1717
1743 1717 1744
1745 1735 1760
1745 1760 1743
1746 1741 1726
1746 1726 1747
1741 1746 1765
1741 1765 1748
1748 1765 1752
1748 1752 1720
1751 1733 1720
1751 1720 1752
1768 1769 1770
1768 1770 1771
1772 1773 1774
1772 1774 1775
1772 1775 1776
1772 1776 1777
1771 1770 1778
1779 1780 1781
1782 1783 1784
1782 1784 1785
1777 1776 1781
1777 1781 1780
1786 1787 1788
1788 1787 1789
1790 1769 1782
1773 1785 1784
1773 1784 1774
1789 1791 1792
1789 1792 1788
1792 1791 1769
1792 1769 1790
1787 1786 1793
1782 1769 1783
1783 1769 1768
1794 1795 1796
1794 1796 1797
1798 1799 1800
1798 1800 1801
1798 1802 1803
1798 1803 1799
1795 1804 1796
1805 1806 1807
1808 1809 1810
1808 1810 1811
1802 1807 1806
1802 1806 1803
1812 1813 1814
1813 1815 1814
1816 1808 1797
1801 1800 1810
1801 1810 1809
1815 1813 1817
1815 1817 1818
1817 1816 1797
1817 1797 1818
1814 1819 1812
1808 1811 1797
1811 1794 1797
1820 1821 1822
1820 1822 1823
1824 1825 1826
1824 1826 1821
1827 1828 1829
1827 1829 1830
1831 1832 1833
1831 1833 1834
1835 1836 1837
1838 1839 1840
1838 1840 1841
1842 1843 1844
1842 1844 1845
1846 1847 1848
1849 1850 1847
1849 1847 1846
1851 1852 1853
1851 1853 1854
1855 1845 1844
1855 1844 1856
1849 1857 1858
1850 1849 1858
1850 1858 1859
1842 1860 1861
1842 1861 1862
1841 1828 1838
1825 1832 1831
1825 1831 1826
1829 1828 1841
1836 1835 1822
1836 1822 1863
1842 1845 1864
1842 1864 1860
1854 1865 1866
1867 1868 1869
1867 1869 1870
1871 1837 1872
1871 1872 1873
1874 1872 1837
1874 1837 1875
1876 1877 1878
1876 1878 1879
1880 1881 1865
1855 1882 1883
1855 1883 1881
1884 1885 1886
1887 1888 1889
1887 1889 1884
1890 1891 1892
1890 1892 1893
1894 1895 1896
1894 1896 1897
1898 1899 1900
1901 1851 1866
1901 1866 1902
1856 1903 1882
1856 1882 1855
1904 1905 1887
1904 1887 1884
1906 1893 1892
1906 1892 1907
1908 1909 1910
1908 1910 1911
1912 1913 1914
1912 1914 1915
1891 1888 1887
1891 1887 1892
1887 1905 1907
1887 1907 1892
1915 1914 1916
1915 1916 1917
1918 1919 1920
1921 1922 1923
1924 1925 1926
1924 1926 1927
1924 1928 1925
1929 1930 1931
1923 1922 1932
1923 1932 1933
1934 1935 1936
1934 1936 1937
1938 1930 1929
1939 1940 1941
1939 1941 1942
1943 1944 1945
1943 1945 1946
1947 1948 1949
1947 1949 1950
1951 1937 1936
1951 1936 1952
1952 1953 1951
1954 1955 1927
1954 1927 1926
1956 1931 1957
1958 1959 1960
1961 1958 1960
1961 1960 1962
1961 1962 1963
1961 1963 1964
1963 1965 1964
1966 1967 1901
1966 1901 1902
1968 1931 1956
1875 1831 1834
1875 1837 1831
1969 1834 1833
1970 1868 1867
1861 1970 1862
1920 1919 1921
1920 1921 1971
1960 1959 1943
1960 1943 1942
1920 1971 1972
1954 1973 1955
1919 1974 1973
1919 1973 1954
1846 1848 1975
1846 1975 1976
1854 1853 1864
1854 1864 1880
1861 1860 1869
1861 1869 1868
1868 1970 1861
1837 1836 1831
1975 1977 1976
1920 1978 1979
1920 1972 1978
1859 1858 1980
1853 1852 1870
1853 1870 1869
1849 1846 1976
1860 1864 1853
1860 1853 1869
1976 1981 1857
1976 1857 1849
1982 1862 1970
1982 1843 1842
1982 1842 1862
1919 1918 1974
1918 1920 1979
1845 1855 1864
1864 1855 1880
1976 1977 1981
1983 1913 1912
1984 1946 1945
1984 1945 1985
1984 1985 1986
1987 1988 1989
1987 1989 1990
1991 1992 1993
1991 1993 1994
1995 1996 1997
1995 1997 1998
1999 2000 2001
1999 2001 2002
1999 2003 2004
1999 2004 2000
2003 1993 1992
2003 1992 2004
2005 2006 1838
2005 1838 2007
2008 2009 2010
2011 2012 2013
2011 2013 2014
2015 2016 2017
2015 2017 2018
2019 2020 2021
2019 2021 2022
2023 2024 2025
2023 2025 2026
2026 2025 2027
2026 2027 2028
2028 2027 2029
2028 2029 2030
2029 2031 2032
2029 2032 2030
2033 2034 2032
2033 2032 2031
2035 1938 2036
2035 2037 1938
2038 1921 1919
2038 1919 1954
1884 1889 1933
1911 1950 1941
1911 1941 1940
1911 1947 1950
1854 1866 1851
1875 2039 2040
1875 2040 1874
1834 2039 1875
1969 2039 1834
1839 1998 2041
1839 2041 2042
2041 1998 1997
2041 1997 2043
2044 2001 2000
2044 2000 2045
2000 2004 2046
2000 2046 2045
2004 1992 2047
1992 1848 2048
1992 1991 1975
1991 1977 1975
1991 2049 2050
1991 2050 1977
1948 1947 2051
1948 2051 2052
1947 1916 2053
1947 2053 2051
1916 1914 2054
1916 2054 2053
1914 1913 2055
1914 2055 2054
1913 1983 2055
2056 2057 2058
1998 1839 2058
2058 2059 2060
2058 2060 2061
2061 2060 2062
2061 2062 2063
1992 1975 1848
1838 2006 1839
2022 2016 2015
2022 2015 2019
1820 1823 2064
2065 1820 2064
2066 2067 2068
2069 2070 2071
2069 2071 2072
2073 2074 2072
2073 2072 2071
2075 2076 2077
2075 2077 2078
2079 2080 2081
2079 2081 2082
2083 2084 2085
2086 2087 2088
2086 2088 2089
2090 2091 2092
2090 2092 2093
2094 2095 2096
2097 2098 2096
2097 2096 2099
2100 2101 2102
2100 2102 2103
2092 2091 2104
2092 2104 2105
2097 2106 2107
2099 2108 2106
2099 2106 2097
2090 2109 2110
2090 2110 2111
2087 2086 2112
2113 2085 2079
2113 2079 2082
2114 2087 2112
2090 2111 2115
2090 2115 2091
2101 2116 2117
2118 2119 2120
2118 2120 2121
2122 2123 2124
2122 2124 2125
2126 2127 2084
2126 2084 2128
2129 2130 2131
2129 2131 2132
2133 2117 2134
2134 2104 2133
2135 2136 2137
2138 2139 2140
2138 2140 2135
2141 2142 2143
2141 2143 2144
2141 2144 2145
2146 2147 2148
2146 2148 2149
2150 2148 2147
2116 2100 2151
2116 2151 2152
2153 2154 2155
2153 2155 2156
2154 2135 2157
2154 2157 2155
2157 2135 2140
2157 2140 2158
2159 2160 2144
2159 2144 2143
2161 2162 2163
2161 2163 2164
2165 2166 2167
2165 2167 2168
2145 2144 2140
2145 2140 2139
2140 2144 2160
2140 2160 2158
2169 2165 2168
2169 2168 2161
2170 2154 2153
2170 2153 2171
2172 2173 2174
2175 2176 2177
2178 2179 2180
2178 2180 2181
2178 2181 2182
2183 2184 2185
2176 2186 2137
2176 2137 2177
2187 2188 2189
2187 2189 2190
2191 2192 2185
2193 2194 2195
2193 2195 2196
2197 2198 2199
2197 2199 2200
2201 2202 2203
2201 2203 2204
2205 2206 2189
2205 2189 2188
2206 2205 2207
2208 2180 2209
2208 2209 2210
2211 2184 2212
2213 2214 2215
2213 2215 2216
2213 2217 2218
2213 2218 2214
2218 2217 2219
2151 2130 2129
2151 2129 2152
2192 2212 2184
2127 2080 2079
2127 2079 2084
2220 2081 2080
2221 2118 2121
2110 2109 2221
2173 2222 2175
2173 2175 2174
2197 2223 2224
2197 2224 2194
2173 2225 2222
2208 2210 2226
2174 2226 2227
2200 2228 2197
2174 2208 2226
2098 2229 2230
2098 2230 2094
2101 2133 2115
2101 2115 2102
2110 2121 2120
2110 2120 2111
2121 2110 2221
2084 2079 2085
2230 2229 2231
2173 2232 2233
2173 2233 2225
2108 2234 2106
2102 2120 2119
2102 2119 2103
2097 2229 2098
2111 2120 2102
2111 2102 2115
2229 2097 2107
2229 2107 2235
2236 2221 2109
2236 2109 2090
2236 2090 2093
2174 2227 2172
2172 2232 2173
2091 2115 2104
2115 2133 2104
2143 2142 2159
2229 2235 2231
2199 2198 2237
2199 2237 2238
2237 2239 2238
2203 2202 2240
2203 2240 2241
2242 2243 2244
2242 2244 2245
2246 2247 2248
2246 2248 2243
2249 2247 2246
2249 2246 2250
2251 2252 2249
2251 2249 2250
2253 2254 2252
2253 2252 2251
2255 2256 2257
2255 2257 2258
2259 2260 2261
2259 2261 2262
2263 2264 2265
2266 2267 2268
2266 2268 2269
2270 2271 2272
2270 2272 2273
2274 2275 2272
2274 2272 2276
2277 2275 2274
2277 2274 2278
2279 2277 2278
2279 2278 2280
2281 2279 2280
2281 2280 2282
2283 2281 2282
2283 2282 2284
2285 2286 2287
2285 2287 2288
2289 2286 2285
2289 2285 2290
2191 2185 2291
2135 2154 2170
2292 2174 2175
2292 2208 2174
2135 2137 2186
2162 2196 2195
2162 2195 2293
2162 2294 2295
2101 2100 2116
2296 2297 2298
2296 2298 2299
2297 2220 2298
2089 2300 2301
2089 2301 2302
2303 2243 2242
2303 2242 2304
2246 2243 2303
2246 2303 2305
2250 2246 2305
2250 2305 2306
2250 2306 2307
2250 2307 2251
2251 2095 2253
2253 2095 2094
2253 2230 2308
2308 2230 2231
2308 2231 2309
2308 2309 2310
2310 2309 2311
2310 2311 2312
2295 2313 2314
2295 2314 2169
2169 2314 2315
2169 2315 2165
2165 2315 2316
2165 2316 2166
2317 2318 2319
2302 2320 2089
2321 2322 2318
2321 2318 2323
2324 2325 2326
2324 2326 2327
2328 2329 2330
2328 2330 2331
2253 2094 2230
2086 2089 2332
2333 2334 2335
2333 2335 2336
2072 2337 2069
2074 2337 2072
2075 2338 2076
1705 1707 1684
1760 1762 1761
2289 2290 2191
2034 2033 2035
2034 2035 2036
2339 1886 1883
2339 1883 1882
1903 2340 2339
1903 2339 1882
2105 2104 2153
2105 2153 2156
1884 1886 2339
2340 1904 1884
2340 1884 2339
2341 1987 1990
2341 1990 2342
2049 1948 2052
2049 2052 2050
2295 2294 2343
2295 2343 2312
2311 2313 2295
2311 2295 2312
2037 1930 1938
1884 1932 1885
2289 2191 2291
2135 2170 2136
1921 2038 1922
2175 2177 2292
1942 1943 1939
2194 2193 2197
2344 1944 1943
2216 2224 2223
1934 1956 1957
2211 2212 2187
1957 1935 1934
2190 2211 2187
1932 1884 1933
2138 2135 2186
1855 1881 1880
2134 2171 2153
2134 2153 2104
1880 1865 1854
2133 2101 2117
2287 2283 2284
2287 2284 2288
2308 2345 2254
2308 2254 2253
2346 2347 2043
2346 2043 1997
1996 2348 2346
1996 2346 1997
2349 2350 2351
2349 2351 2352
2242 2302 2301
2242 2301 2304
2245 2353 2302
2245 2302 2242
2346 2001 2044
2346 2044 2347
2354 2002 2001
2354 2001 2355
2349 2024 2023
2349 2023 2350
1966 1876 1879
1966 1879 1967
2131 2297 2296
2131 2296 2132
2020 2352 2351
2020 2351 2021
2039 1878 1877
2039 1877 2040
2039 1969 1878
2336 2335 2270
2336 2270 2273
2127 2126 2299
2127 2299 2298
2080 2127 2298
2220 2080 2298
2067 2066 1827
2067 1827 1830
1820 2065 1824
1820 1824 1821
2085 2356 2070
2085 2070 2083
2077 2114 2112
2077 2112 2078
2071 2085 2113
2071 2113 2073
2011 2018 2017
2011 2017 2012
2062 2357 2358
2062 2358 2063
2359 2005 2007
2359 2007 2360
2361 1871 1873
2361 1873 2362
2363 2334 2333
2363 2333 2364
2365 2323 2366
2365 2366 2367
2086 2332 2368
2086 2368 2369
2370 2128 2084
2370 2084 2371
2372 2373 2374
2372 2374 2375
2376 2377 2378
2376 2378 2379
2267 2380 2381
2267 2381 2268
1897 1900 1899
1897 1899 1894
2014 2013 2382
2014 2382 2383
2149 2124 2123
2149 2123 2146
2374 2373 2358
2374 2358 2357
2378 2377 2359
2378 2359 2360
2362 1896 1895
2362 1895 2361
2380 2363 2364
2380 2364 2381
2326 2367 2366
2326 2366 2327
2368 2255 2258
2368 2258 2369
2371 2122 2125
2371 2125 2370
2384 2385 2386
2383 2382 2010
2383 2010 2009
2387 2388 2389
2260 2390 2261
2264 2266 2269
2264 2269 2265
2328 2391 2329
2387 2389 2372
2387 2372 2375
2384 2386 2376
2384 2376 2379
2330 2325 2324
2330 2324 2331
2256 2259 2262
2256 2262 2257
1893 2392 1890
1906 2392 1893
2393 2167 2166
2316 2393 2166
1847 2047 1848
2098 2094 2096
