byte offset: 0
first index: 0
index count: 7596
topology: trianglelist
format: DXGI_FORMAT_R16_UINT

0 1 2
0 2 3
4 5 6
4 6 7
6 5 8
6 8 9
10 11 2
10 2 1
12 13 3
12 3 2
14 15 16
14 16 7
17 18 19
17 19 20
21 22 23
24 21 25
24 25 26
27 28 29
27 29 30
22 11 29
22 29 23
27 31 32
27 32 33
28 27 33
28 33 34
35 28 34
35 34 36
10 37 38
10 38 30
0 39 40
0 40 1
41 42 26
41 26 25
36 41 35
42 43 44
42 44 26
37 45 46
37 46 38
47 48 49
47 49 50
51 52 53
51 53 54
52 51 55
52 55 56
57 58 59
57 59 49
60 61 62
60 62 63
62 61 48
62 48 47
51 64 65
51 65 55
66 67 65
66 65 64
62 65 67
62 67 63
47 55 65
47 65 62
68 63 67
68 67 69
70 71 72
70 72 73
74 75 76
74 76 77
78 60 63
78 63 68
79 80 81
79 81 82
80 83 84
80 84 81
85 86 87
85 87 88
89 90 86
89 86 85
91 87 92
91 92 93
94 88 87
94 87 91
87 86 95
87 95 92
96 95 86
96 86 90
97 96 90
97 90 83
98 99 80
98 80 79
100 101 102
100 102 103
104 105 106
104 106 107
103 102 71
103 71 70
66 64 108
66 108 105
54 108 64
54 64 51
104 109 110
104 110 111
112 113 54
112 54 53
105 108 114
105 114 106
113 114 108
113 108 54
115 116 117
115 117 118
101 119 120
101 120 102
121 122 123
121 123 124
125 126 127
125 127 128
129 130 131
129 131 132
133 134 123
133 123 122
135 136 137
135 137 138
139 140 141
136 135 142
142 143 19
142 19 136
144 129 132
144 132 145
146 147 145
146 145 132
148 149 150
148 150 151
152 153 154
152 154 155
156 157 158
156 158 159
160 161 162
160 162 163
130 164 165
130 165 131
166 167 168
166 168 169
170 171 172
170 172 173
134 174 175
133 176 174
133 174 134
177 160 163
178 179 180
178 180 181
94 91 182
94 182 183
19 143 184
19 184 20
58 57 185
58 185 186
187 176 133
151 150 153
151 153 152
186 159 188
186 188 58
182 91 93
182 93 189
53 190 191
53 191 112
52 192 190
52 190 53
192 52 56
192 56 193
59 194 195
59 195 193
194 196 197
194 197 195
198 199 200
198 200 201
199 202 203
199 203 200
188 204 196
188 196 194
205 206 202
205 202 199
207 208 155
207 155 154
209 210 211
209 211 212
213 214 215
213 215 216
213 217 218
213 218 214
193 195 219
193 219 192
211 190 192
211 192 219
210 191 190
210 190 211
214 182 189
214 189 215
220 125 128
220 128 221
222 223 224
222 224 225
223 222 226
223 226 227
228 229 230
228 230 231
223 123 134
223 134 224
223 227 124
223 124 123
167 166 232
167 232 233
129 144 232
129 232 166
176 187 234
176 234 235
174 176 235
174 235 236
225 224 125
225 125 220
224 126 125
231 230 224
231 224 134
231 175 237
231 237 228
147 146 206
147 206 205
154 202 206
154 206 207
154 203 202
153 238 203
150 239 238
150 238 153
149 240 239
149 239 150
241 242 243
241 243 244
245 243 242
245 242 246
246 247 248
246 248 245
247 249 250
247 250 248
249 251 252
249 252 250
253 252 251
253 251 254
254 255 256
254 256 253
257 258 157
257 157 156
259 257 260
261 262 263
193 56 50
193 50 59
47 50 56
47 56 55
74 264 265
74 265 73
8 266 267
8 267 9
132 131 268
132 268 146
269 268 131
269 131 165
146 268 207
146 207 206
268 269 208
268 208 207
236 237 175
236 175 174
270 271 272
273 141 274
273 274 138
258 275 276
258 276 157
157 276 277
157 277 158
158 277 278
158 278 204
204 278 198
204 198 196
200 203 238
200 238 279
239 280 279
239 279 238
280 239 240
280 240 281
262 282 283
262 283 263
282 262 284
282 284 285
279 286 201
279 201 200
280 287 286
280 286 279
281 288 287
281 287 280
282 289 290
282 290 283
285 291 289
285 289 282
196 198 201
196 201 197
197 201 286
197 286 292
292 286 287
292 287 212
212 287 288
212 288 209
216 290 289
216 289 213
213 289 291
213 291 217
204 188 159
204 159 158
292 219 195
292 195 197
212 211 219
212 219 292
233 293 294
232 295 293
232 293 233
144 275 295
144 295 232
145 276 275
145 275 144
147 277 276
147 276 145
277 147 205
277 205 278
278 205 199
278 199 198
135 296 297
296 298 299
187 177 300
187 133 160
133 122 161
133 161 160
122 121 301
122 301 161
302 172 171
302 171 303
302 168 167
294 178 181
294 181 233
271 180 179
271 179 272
140 304 274
140 274 141
143 142 249
143 249 247
246 184 143
246 143 247
185 305 242
185 242 241
260 156 159
260 159 186
306 307 308
309 310 311
309 311 312
312 313 314
312 314 309
315 316 317
315 317 318
319 320 321
310 322 311
323 306 321
312 311 324
325 313 312
325 312 324
323 321 318
326 327 313
326 313 325
317 328 318
329 330 331
329 331 332
333 334 335
333 335 336
337 333 336
338 335 339
338 339 340
338 336 335
329 341 342
329 342 343
329 332 341
328 323 318
344 345 346
344 346 311
324 311 346
324 346 347
334 348 339
334 339 335
343 349 330
343 330 329
350 306 323
350 323 351
350 352 353
354 346 345
354 345 355
356 347 346
356 346 354
348 357 358
348 358 339
358 359 340
358 340 339
343 342 360
343 360 361
361 362 349
361 349 343
351 363 364
351 364 350
313 365 314
351 349 362
351 362 363
351 323 330
351 330 349
323 328 331
323 331 330
326 325 333
326 333 337
325 324 334
325 334 333
324 347 348
324 348 334
347 356 357
347 357 348
45 37 40
45 40 366
367 368 369
367 369 39
313 327 365
102 120 370
102 370 71
229 127 126
229 126 230
230 126 224
175 231 134
173 371 372
173 372 170
299 373 255
299 255 254
254 251 297
254 297 299
251 249 142
251 142 297
166 169 130
166 130 129
164 130 169
164 169 374
168 375 169
303 376 168
303 168 302
167 233 181
167 181 302
172 302 181
172 181 180
173 172 180
173 180 271
377 372 371
377 371 162
377 162 161
377 161 301
270 163 371
271 270 371
271 371 173
378 379 380
378 380 381
382 383 384
382 384 385
248 250 386
248 386 387
237 236 388
237 388 389
390 391 128
390 128 127
381 380 392
381 392 393
394 392 380
394 380 395
396 395 397
396 397 398
259 399 400
259 244 401
259 401 399
243 245 402
243 402 403
400 404 257
405 406 407
256 408 396
256 396 253
395 380 379
395 379 397
397 379 409
397 409 410
411 412 413
411 413 414
415 416 229
415 229 228
417 409 379
417 379 378
418 419 383
418 383 420
421 422 423
421 423 424
425 388 236
425 236 235
272 426 427
235 234 428
235 428 425
420 424 423
420 423 418
429 430 431
429 431 432
433 434 435
433 435 436
403 401 244
403 244 243
391 437 221
391 221 128
245 248 387
245 387 402
438 439 440
438 440 441
389 415 228
389 228 237
407 294 293
407 293 405
416 390 127
416 127 229
442 443 444
442 444 445
446 442 445
446 445 447
447 448 449
447 449 446
450 451 452
450 452 453
416 454 455
416 455 390
390 455 456
390 456 391
391 456 457
391 457 437
404 295 275
404 275 258
405 293 295
405 295 404
426 458 459
427 459 300
443 458 460
443 460 444
234 300 459
234 459 428
407 461 462
407 462 463
456 381 393
456 393 457
454 417 378
454 378 455
381 456 455
381 455 378
462 464 465
466 467 468
466 468 469
466 441 440
466 440 470
471 472 473
471 473 474
474 411 414
474 414 471
475 431 430
475 430 476
477 478 479
477 479 480
481 480 482
481 482 483
484 485 486
484 486 481
400 487 488
489 473 472
489 472 490
417 454 491
417 491 492
492 493 409
492 409 417
490 472 410
490 410 409
472 471 387
472 387 410
471 414 402
471 402 387
494 454 416
494 416 415
389 388 446
389 446 449
442 446 388
442 388 425
443 442 425
443 425 428
458 443 428
458 428 459
415 389 449
415 449 494
494 449 448
494 448 495
496 448 497
496 497 498
178 463 465
178 465 179
463 178 294
463 294 407
499 458 426
500 501 460
500 460 499
502 503 465
502 465 464
504 505 502
504 502 464
503 179 465
414 413 403
414 403 402
413 506 401
413 401 403
399 507 487
383 382 508
383 508 509
436 435 510
436 510 511
509 512 420
509 420 383
513 501 421
513 421 424
512 513 424
512 424 420
507 514 515
506 413 412
506 412 516
438 441 517
438 517 498
470 518 467
470 467 466
519 520 521
519 521 522
523 524 525
523 525 526
510 525 524
510 524 511
515 527 487
480 479 528
480 528 482
461 477 486
461 486 462
529 484 481
529 481 483
530 523 526
530 526 531
438 382 532
438 532 439
405 404 488
405 488 406
527 478 406
527 406 488
476 528 479
476 479 475
398 386 250
398 250 252
426 272 179
426 179 503
253 396 398
253 398 252
395 396 408
395 408 394
410 386 398
410 398 397
386 410 387
510 435 412
510 412 411
533 534 535
533 535 536
474 473 526
474 526 525
525 510 411
525 411 474
477 461 406
477 406 478
486 485 462
473 489 531
473 531 526
498 508 382
498 382 438
537 421 501
537 501 500
505 504 538
505 538 539
509 508 448
509 448 447
432 514 516
432 516 434
447 445 512
447 512 509
444 460 501
444 501 513
445 540 541
445 541 542
515 514 432
515 432 431
434 516 412
434 412 435
498 517 522
498 522 496
533 517 441
533 441 466
527 515 431
527 431 475
481 486 477
481 477 480
478 527 475
478 475 479
270 272 177
543 544 539
543 539 538
15 14 545
15 545 546
547 548 32
547 32 31
14 7 6
14 6 13
18 15 546
18 546 549
16 15 18
16 18 17
550 16 17
550 17 551
48 550 49
19 18 549
19 549 136
267 367 39
267 39 0
73 265 110
73 110 70
115 79 82
115 82 552
118 98 79
118 79 115
103 109 553
103 553 100
70 110 109
70 109 103
73 72 74
554 78 68
554 68 264
367 267 266
367 266 555
555 556 368
555 368 367
77 554 264
77 264 74
83 90 89
83 89 84
83 80 99
83 99 97
107 553 109
107 109 104
111 66 105
111 105 104
69 67 66
69 66 111
69 265 264
69 264 68
111 110 265
111 265 69
2 11 22
2 22 12
12 545 14
12 14 13
555 266 554
555 554 77
77 76 556
77 556 555
557 24 26
557 26 44
71 370 558
71 558 72
75 72 558
135 297 142
298 373 299
296 299 297
187 300 234
427 300 177
371 163 162
177 272 427
319 321 559
321 320 315
321 315 318
375 168 376
169 375 374
25 23 35
30 29 11
30 11 10
23 29 28
23 28 35
30 38 31
30 31 27
38 46 547
38 547 31
44 560 137
44 137 557
1 40 37
1 37 10
24 557 549
24 549 546
138 137 560
138 560 273
138 274 296
138 296 135
296 274 304
296 304 298
306 308 559
306 559 321
366 40 39
366 39 369
557 137 136
557 136 549
22 21 545
22 545 12
21 24 546
21 546 545
561 261 149
561 149 148
93 92 113
93 113 112
92 95 114
92 114 113
95 96 106
95 106 114
96 97 107
96 107 106
99 98 100
99 100 553
101 100 98
101 98 118
118 117 119
118 119 101
189 93 112
189 112 191
210 209 216
210 216 215
191 210 215
191 215 189
240 149 263
281 240 263
281 263 283
288 281 283
288 283 290
209 288 290
209 290 216
311 322 344
97 99 553
97 553 107
141 273 562
141 562 139
273 560 563
273 563 562
560 44 43
560 43 563
267 0 3
267 3 9
9 3 13
9 13 6
266 8 78
266 78 554
78 8 5
78 5 60
60 5 4
60 4 61
61 4 550
61 550 48
4 7 16
4 16 550
194 59 58
194 58 188
49 59 50
409 493 490
490 493 468
490 468 489
489 468 467
489 467 531
531 467 518
531 518 530
260 241 244
260 244 259
186 185 241
186 241 260
434 433 429
434 429 432
401 507 399
506 514 507
564 565 261
564 261 561
218 183 182
218 182 214
565 284 262
565 262 261
350 566 567
350 567 352
552 568 116
552 116 115
569 570 571
569 571 572
573 574 575
573 575 576
577 578 579
577 579 580
581 582 583
581 583 584
569 585 586
569 586 570
577 580 576
577 576 575
582 587 588
582 588 583
589 590 591
589 591 592
593 594 595
593 595 596
594 593 579
594 579 578
573 588 587
573 587 574
572 571 581
572 581 584
589 592 596
589 596 595
586 585 597
586 597 598
599 598 597
599 597 600
590 601 602
590 602 591
35 41 25
21 23 25
74 72 75
603 604 605
603 605 606
607 608 609
607 609 610
609 611 612
609 612 610
613 606 605
613 605 614
615 605 604
615 604 616
617 608 618
617 618 619
620 621 622
620 622 623
624 625 626
627 628 629
627 629 624
630 631 620
632 633 634
632 634 635
626 625 634
626 634 614
632 33 32
632 32 636
635 34 33
635 33 632
637 36 34
637 34 635
613 633 638
613 638 639
603 606 640
603 640 641
41 629 628
41 628 42
36 637 41
42 628 642
42 642 43
639 638 643
639 643 644
645 646 630
645 630 647
648 649 650
648 650 651
651 652 653
651 653 648
631 630 654
631 654 655
656 657 658
656 658 659
658 645 647
658 647 659
648 653 660
648 660 661
662 661 660
662 660 663
658 657 663
658 663 660
645 658 660
645 660 653
664 665 663
664 663 657
666 667 668
666 668 669
670 671 672
670 672 673
674 664 657
674 657 656
675 82 81
675 81 676
676 81 84
676 84 677
85 88 678
85 678 679
89 85 679
89 679 680
681 682 683
681 683 678
94 681 678
94 678 88
678 683 684
678 684 679
685 680 679
685 679 684
686 677 680
686 680 685
687 675 676
687 676 688
689 690 691
689 691 692
693 694 695
693 695 696
690 666 669
690 669 691
662 696 697
662 697 661
649 648 661
649 661 697
693 698 699
693 699 700
701 650 649
701 649 702
696 695 703
696 703 697
702 649 697
702 697 703
704 705 706
704 706 707
692 691 708
692 708 709
710 711 712
710 712 713
714 715 716
714 716 717
718 719 720
718 720 721
722 713 712
722 712 723
724 725 726
724 726 727
139 728 140
727 729 724
729 727 730
729 730 731
732 733 719
732 719 718
734 719 733
734 733 735
736 737 738
736 738 739
740 741 742
740 742 743
744 745 746
744 746 747
748 749 750
721 720 751
721 751 752
753 754 755
753 755 756
757 758 759
757 759 760
723 761 762
722 723 762
722 762 763
764 765 749
766 767 768
766 768 769
94 183 770
94 770 681
621 771 772
621 772 622
655 773 774
655 774 631
775 722 763
737 740 743
737 743 738
773 655 776
773 776 745
770 777 682
770 682 681
650 701 778
650 778 779
651 650 779
651 779 780
780 781 652
780 652 651
654 781 782
654 782 783
783 782 784
783 784 785
786 787 788
786 788 789
789 788 790
789 790 791
776 783 785
776 785 792
793 789 791
793 791 794
795 742 741
795 741 796
774 771 621
797 798 799
797 799 800
801 802 803
801 803 804
801 804 218
801 218 217
781 780 805
781 805 782
799 805 780
799 780 779
800 799 779
800 779 778
804 803 777
804 777 770
220 221 715
220 715 714
222 225 806
222 806 807
807 808 226
807 226 222
809 810 811
809 811 812
807 806 723
807 723 712
807 712 711
807 711 808
756 813 814
756 814 753
718 753 814
718 814 732
763 815 816
763 816 775
762 817 815
762 815 763
225 220 714
225 714 806
806 714 717
810 723 806
810 806 811
810 809 818
810 818 761
735 793 794
735 794 734
742 795 794
742 794 791
742 791 790
743 742 790
738 743 819
738 819 820
739 738 820
739 820 821
822 823 824
822 824 825
826 827 825
826 825 824
827 826 828
827 828 829
829 828 830
829 830 831
831 830 832
831 832 833
834 835 833
834 833 832
835 834 256
835 256 255
836 744 747
836 747 837
838 839 836
840 739 841
781 654 646
781 646 652
645 653 652
645 652 646
670 667 842
670 842 843
612 611 844
612 844 845
719 734 846
719 846 720
847 751 720
847 720 846
734 794 795
734 795 846
846 795 796
846 796 847
817 762 761
817 761 818
765 848 849
850 725 851
850 851 728
837 747 852
837 852 853
747 746 854
747 854 852
746 792 855
746 855 854
792 785 786
792 786 855
788 856 819
788 819 790
820 819 856
820 856 857
857 858 821
857 821 820
859 841 860
859 860 861
861 862 863
861 863 859
856 788 787
856 787 864
857 856 864
857 864 865
858 857 865
858 865 866
861 860 867
861 867 868
862 861 868
862 868 291
785 784 787
785 787 786
784 869 864
784 864 787
869 798 865
869 865 864
798 797 866
798 866 865
802 801 868
802 868 867
801 217 291
801 291 868
792 746 745
792 745 776
869 784 782
869 782 805
798 869 805
798 805 799
813 870 871
814 813 871
814 871 872
732 814 872
732 872 853
733 732 853
733 853 852
735 733 852
735 852 854
854 855 793
854 793 735
855 786 789
855 789 793
724 873 874
874 875 298
775 876 764
775 764 748
722 748 877
722 877 713
713 877 878
713 878 710
879 880 760
879 760 759
879 756 755
870 813 767
870 767 766
849 848 769
849 769 768
140 728 851
140 851 304
731 829 831
731 831 729
772 827 829
772 829 731
827 772 771
827 771 825
774 822 825
774 825 771
839 773 745
839 745 744
881 882 883
884 885 886
884 886 887
885 884 888
885 888 889
890 891 892
890 892 893
894 895 896
887 886 897
898 895 881
885 899 886
900 899 885
900 885 889
898 891 895
901 900 889
901 889 902
892 891 903
904 905 906
904 906 907
908 909 910
908 910 911
912 909 908
913 914 915
913 915 910
913 910 909
904 916 917
904 917 918
904 918 905
903 891 898
919 886 920
919 920 921
899 922 920
899 920 886
911 910 915
911 915 923
916 904 907
916 907 924
925 926 898
925 898 881
925 881 883
925 883 927
928 929 921
928 921 920
930 928 920
930 920 922
923 915 931
923 931 932
931 915 914
931 914 933
916 934 935
916 935 917
934 916 924
934 924 936
926 925 937
926 937 938
889 888 939
926 938 936
926 936 924
926 924 907
926 907 898
898 907 906
898 906 903
901 912 908
901 908 900
900 908 911
900 911 899
899 911 923
899 923 922
922 923 932
922 932 930
644 940 640
644 640 639
941 641 942
941 942 943
889 939 902
691 669 944
691 944 708
812 811 717
812 717 716
811 806 717
761 723 810
758 757 945
758 945 946
875 835 255
875 255 373
835 875 873
835 873 833
833 873 729
833 729 831
753 718 721
753 721 754
752 947 754
752 754 721
755 754 948
880 879 755
880 755 949
756 879 767
756 767 813
759 768 767
759 767 879
758 849 768
758 768 759
950 750 946
950 946 945
950 878 877
950 877 750
765 946 749
849 758 946
849 946 765
951 952 953
951 953 954
955 956 957
955 957 958
828 959 960
828 960 830
818 961 962
818 962 817
963 716 715
963 715 964
952 393 392
952 392 953
394 965 953
394 953 392
966 967 968
966 968 965
836 969 838
838 970 971
838 971 823
824 972 973
824 973 826
836 837 974
975 976 977
256 834 966
256 966 408
965 968 954
965 954 953
968 978 979
968 979 954
980 981 982
980 982 983
984 809 812
984 812 985
986 951 954
986 954 979
987 988 989
987 989 990
991 992 993
991 993 994
995 815 817
995 817 962
848 996 997
815 995 998
815 998 816
988 987 993
988 993 992
999 1000 1001
999 1001 1002
1003 1004 1005
1003 1005 1006
972 824 823
972 823 971
964 715 221
964 221 437
826 973 959
826 959 828
1007 1008 1009
1007 1009 1010
961 818 809
961 809 984
975 1011 871
975 871 870
985 812 716
985 716 963
1012 1013 1014
1012 1014 1015
1016 1017 1013
1016 1013 1012
1017 1016 1018
1017 1018 1019
1020 1021 1022
1020 1022 1023
985 963 1024
985 1024 1025
963 964 1026
963 1026 1024
964 437 457
964 457 1026
974 837 853
974 853 872
1011 974 872
1011 872 871
997 996 1027
996 876 1027
1028 1029 997
1015 1014 1030
1015 1030 1031
816 998 1027
816 1027 876
1032 1033 1034
1032 1034 1035
975 1036 1037
975 1037 976
1026 457 393
1026 393 952
1025 1024 951
1025 951 986
952 951 1024
952 1024 1026
1037 1036 1038
1039 1008 1040
1039 1040 1041
1039 1042 1009
1039 1009 1043
1044 1045 1046
1044 1046 1047
1045 1044 981
1045 981 980
1048 1049 1002
1048 1002 1001
1050 1051 1052
1050 1052 1053
1054 1055 1056
1054 1056 1051
1057 1054 1058
1057 1058 1059
969 974 1060
1061 1062 1047
1061 1047 1046
986 1063 1064
986 1064 1025
1063 986 979
1063 979 1065
1062 979 978
1062 978 1047
1047 978 959
1047 959 1044
1044 959 973
1044 973 981
1066 984 985
1066 985 1025
961 1018 1016
961 1016 962
1012 995 962
1012 962 1016
1015 998 995
1015 995 1012
1031 1027 998
1031 998 1015
984 1066 1018
984 1018 961
1066 1067 1019
1066 1019 1018
1068 1069 1070
1068 1070 1019
766 769 1038
766 1038 1036
1036 975 870
1036 870 766
1030 1028 1031
1071 1072 1028
1071 1028 1030
1029 1073 1038
1029 1038 1074
1075 1076 1073
1075 1073 1029
1074 1038 769
981 973 972
981 972 982
982 972 971
982 971 1077
970 969 1078
989 1079 1070
989 1070 1080
1004 1081 1082
1004 1082 1005
1079 989 988
1079 988 1083
1084 992 991
1084 991 1071
1083 988 992
1083 992 1084
1085 1078 1086
1077 1087 983
1077 983 982
1007 1069 1040
1007 1040 1008
1075 1072 1035
1075 1035 1034
1042 1039 1088
1042 1088 1089
1090 1091 1092
1090 1092 1093
1094 1095 1096
1094 1096 1097
1082 1081 1097
1082 1097 1096
1078 1060 1098
1051 1056 1099
1051 1099 1052
976 1037 1058
976 1058 1050
1100 1055 1054
1100 1054 1057
1101 1102 1095
1101 1095 1094
1007 1010 1103
1007 1103 955
1032 1035 991
1032 991 994
1011 977 1060
1011 1060 974
1098 1060 977
1098 977 1053
1049 1048 1052
1049 1052 1099
967 832 830
967 830 960
997 1074 769
997 769 848
834 832 967
834 967 966
965 394 408
965 408 966
978 968 967
978 967 960
960 959 978
1082 980 983
1082 983 1005
1041 1104 1105
1041 1105 1106
1045 1096 1095
1045 1095 1046
1096 1045 980
1096 980 1082
1050 1053 977
1050 977 976
1058 1037 1059
1046 1095 1102
1046 1102 1061
1069 1107 1080
1069 1080 1070
991 1035 1072
991 1072 1071
1034 1108 1109
1034 1109 1075
1079 1017 1019
1079 1019 1070
1000 1006 1087
1000 1087 1110
1017 1079 1083
1017 1083 1013
1014 1084 1071
1014 1071 1030
1013 1111 1112
1013 1112 1014
1086 1001 1000
1086 1000 1110
1006 1005 983
1006 983 1087
1069 1068 1091
1069 1091 1040
1072 1075 1029
1072 1029 1028
1098 1048 1001
1098 1001 1086
1054 1051 1050
1054 1050 1058
1053 1052 1048
1053 1048 1098
765 764 848
1113 1114 1057
1113 1057 1115
1115 1057 1059
1115 1059 1076
1073 1076 1059
1073 1059 1037
619 1116 1117
619 1117 617
1118 636 32
1118 32 548
617 616 609
617 609 608
1119 1120 1116
1119 1116 619
618 623 1119
618 1119 619
1121 620 623
1121 623 618
630 620 1121
730 727 1120
730 1120 1119
844 603 641
844 641 941
667 666 699
667 699 842
704 552 82
704 82 675
705 704 675
705 675 687
690 689 1122
690 1122 700
666 690 700
666 700 699
667 670 668
1123 843 664
1123 664 674
941 1124 845
941 845 844
1124 941 943
1124 943 1125
671 670 843
671 843 1123
677 84 89
677 89 680
677 686 688
677 688 676
694 693 700
694 700 1122
698 693 696
698 696 662
665 698 662
665 662 663
665 664 843
665 843 842
698 665 842
698 842 699
605 615 626
605 626 614
615 616 617
615 617 1117
1124 671 1123
1124 1123 845
671 1124 1125
671 1125 672
1126 642 628
1126 628 627
669 668 1127
669 1127 944
673 1127 668
724 729 873
298 875 373
874 873 875
775 816 876
996 764 876
946 750 749
764 996 848
894 1128 895
895 891 890
895 890 896
948 949 755
754 947 948
629 637 625
633 613 614
633 614 634
625 637 635
625 635 634
633 632 636
633 636 638
638 636 1118
638 1118 643
642 1126 726
642 726 1129
606 613 639
606 639 640
627 1116 1120
627 1120 1126
725 850 1129
725 1129 726
725 724 874
725 874 851
874 298 304
874 304 851
881 895 1128
881 1128 882
940 942 641
940 641 640
1126 1120 727
1126 727 726
626 615 1117
626 1117 624
624 1117 1116
624 1116 627
1130 736 739
1130 739 840
682 701 702
682 702 683
683 702 703
683 703 684
684 703 695
684 695 685
685 695 694
685 694 686
688 1122 689
688 689 687
692 705 687
692 687 689
705 692 709
705 709 706
777 778 701
777 701 682
800 803 802
800 802 797
778 777 803
778 803 800
821 841 739
858 860 841
858 841 821
866 867 860
866 860 858
797 802 867
797 867 866
886 919 897
686 694 1122
686 1122 688
728 139 562
728 562 850
850 562 563
850 563 1129
1129 563 43
1129 43 642
844 611 604
844 604 603
611 609 616
611 616 604
845 1123 674
845 674 612
674 656 610
674 610 612
656 659 607
656 607 610
659 647 1121
659 1121 607
607 1121 618
607 618 608
783 776 655
783 655 654
630 646 654
979 1062 1065
1062 1061 1131
1062 1131 1065
1061 1102 1088
1061 1088 1131
1102 1101 1089
1102 1089 1088
839 838 823
839 823 822
773 839 822
773 822 774
1006 1000 999
1006 999 1003
971 970 1085
1077 1085 1110
1132 1130 840
1132 840 1133
218 804 770
218 770 183
1133 840 859
1133 859 863
925 1134 567
925 567 566
552 704 707
552 707 568
1135 1136 1137
1135 1137 1138
1139 1140 1141
1139 1141 1142
1143 1144 1145
1143 1145 1146
1147 1148 1149
1147 1149 1150
1135 1138 1151
1135 1151 1152
1143 1141 1140
1143 1140 1144
1150 1149 1153
1150 1153 1154
1155 1156 1157
1155 1157 1158
1159 1160 1161
1159 1161 1162
1162 1146 1145
1162 1145 1159
1139 1142 1154
1139 1154 1153
1136 1148 1147
1136 1147 1137
1155 1161 1160
1155 1160 1156
1151 1163 1164
1151 1164 1152
1164 1163 599
1164 599 600
1158 1157 602
1158 602 601
637 629 41
624 629 625
670 673 668
1165 1166 1167
1166 1168 1169
1166 1169 1167
1168 1170 1171
1168 1171 1169
1170 1172 1171
1170 1173 1172
1174 1175 1176
1176 1175 1177
1176 1177 1178
1178 1177 1179
1178 1179 1180
1180 1179 1181
1180 1181 1182
1183 1184 1185
1186 1184 1187
1188 1184 1189
1184 1183 1190
1191 1184 1186
1185 1184 1191
1192 1184 1188
1187 1184 1192
1193 1184 1194
1189 1184 1193
1184 1195 1194
1184 1190 1195
1196 1197 1198
1199 1200 1201
1199 1201 1202
1203 1204 1205
1203 1205 1206
1207 1199 1202
1203 1208 1209
1203 1209 1204
1201 1200 1196
1201 1196 1198
1210 1211 1212
1213 1214 1215
1213 1215 1216
1217 1218 1219
1217 1219 1220
1214 1213 1221
1214 1221 1222
1222 1221 1196
1222 1196 1200
1223 1197 1220
1223 1220 1219
1209 1208 1224
1225 1223 1206
1225 1206 1205
1198 1197 1225
1226 1227 1228
1229 1230 1231
1229 1231 1232
1233 1234 1235
1233 1235 1236
1237 1230 1229
1233 1236 1238
1233 1238 1239
1226 1232 1231
1226 1231 1227
1240 1241 1242
1240 1242 1243
1244 1241 1240
1245 1246 1247
1248 1249 1243
1248 1243 1242
1250 1251 1252
1250 1252 1253
1232 1226 1250
1232 1250 1253
1248 1228 1254
1248 1254 1249
1238 1255 1239
1254 1256 1235
1254 1235 1234
1228 1227 1256
1257 1258 1259
1257 1259 1260
1261 1262 1263
1261 1263 1264
1265 1266 1267
1265 1267 1268
1269 1270 1271
1269 1271 1272
1273 1274 1275
1273 1275 1276
1277 1278 1279
1277 1279 1280
1281 1282 1283
1281 1283 1284
1285 1286 1287
1285 1287 1288
1289 1290 1291
1289 1291 1292
1293 1294 1290
1293 1290 1289
1295 1296 1297
1295 1297 1298
1299 1300 1278
1299 1278 1277
1301 1302 1303
1301 1303 1304
1305 1259 1306
1305 1306 1307
1308 1309 1282
1308 1282 1281
1310 1311 1312
1310 1312 1313
1314 1315 1316
1314 1316 1317
1318 1314 1317
1318 1317 1319
1285 1320 1321
1285 1321 1284
1288 1322 1320
1288 1320 1285
1301 1304 1323
1301 1323 1292
1324 1325 1326
1324 1326 1327
1328 1329 1311
1328 1311 1310
1330 1331 1332
1330 1332 1333
1334 1266 1335
1334 1335 1336
1274 1337 1338
1274 1338 1275
1339 1340 1341
1339 1341 1342
1343 1344 1340
1343 1340 1339
1345 1334 1336
1345 1336 1346
1347 1334 1345
1347 1345 1348
1270 1269 1349
1270 1349 1350
1351 1352 1353
1351 1353 1354
1331 1273 1276
1331 1276 1355
1330 1354 1329
1330 1329 1328
1354 1353 1341
1354 1341 1329
1262 1257 1260
1262 1260 1263
1269 1347 1348
1269 1348 1349
1356 1357 1296
1356 1296 1295
1280 1279 1358
1280 1358 1355
1304 1303 1359
1304 1359 1360
1361 1323 1304
1361 1304 1360
1289 1362 1363
1289 1363 1293
1357 1364 1297
1357 1297 1296
1280 1356 1295
1280 1295 1277
1326 1362 1323
1326 1323 1361
1347 1267 1266
1347 1266 1334
1327 1272 1271
1327 1271 1324
1274 1310 1313
1274 1313 1337
1273 1328 1310
1273 1310 1274
1354 1330 1333
1354 1333 1351
1365 1335 1266
1365 1266 1265
1331 1330 1328
1331 1328 1273
1272 1267 1347
1272 1347 1269
1329 1341 1340
1329 1340 1311
1311 1340 1344
1311 1344 1312
1258 1345 1346
1258 1346 1366
1348 1345 1258
1348 1258 1257
1350 1349 1262
1350 1262 1261
1367 1353 1352
1367 1352 1368
1349 1348 1257
1349 1257 1262
1260 1259 1305
1260 1305 1315
1264 1263 1314
1264 1314 1318
1342 1283 1282
1342 1282 1339
1368 1287 1286
1368 1286 1367
1366 1306 1259
1366 1259 1258
1339 1282 1309
1339 1309 1343
1367 1286 1283
1367 1283 1342
1263 1260 1315
1263 1315 1314
1292 1291 1302
1292 1302 1301
1277 1295 1298
1277 1298 1299
1307 1316 1315
1307 1315 1305
1284 1321 1308
1284 1308 1281
1284 1283 1286
1284 1286 1285
1268 1267 1272
1268 1272 1327
1292 1323 1362
1292 1362 1289
1342 1341 1353
1342 1353 1367
1276 1275 1357
1276 1357 1356
1362 1326 1325
1362 1325 1363
1357 1275 1338
1357 1338 1364
1355 1276 1356
1355 1356 1280
1331 1355 1358
1331 1358 1332
1360 1359 1365
1360 1365 1265
1268 1361 1360
1268 1360 1265
1327 1326 1361
1327 1361 1268
1369 1370 1371
1369 1371 1372
1373 1374 1375
1373 1375 1376
1377 1378 1379
1377 1379 1380
1381 1382 1383
1381 1383 1384
1385 1386 1387
1385 1387 1388
1389 1390 1391
1389 1391 1392
1393 1394 1395
1393 1395 1396
1397 1398 1399
1397 1399 1400
1401 1402 1403
1401 1403 1404
1405 1401 1404
1405 1404 1406
1407 1408 1409
1407 1409 1410
1411 1389 1392
1411 1392 1412
1413 1414 1415
1413 1415 1416
1417 1418 1419
1417 1419 1371
1420 1393 1396
1420 1396 1421
1422 1423 1424
1422 1424 1425
1426 1427 1428
1426 1428 1429
1430 1431 1427
1430 1427 1426
1397 1394 1432
1397 1432 1433
1398 1397 1433
1398 1433 1434
1413 1402 1435
1413 1435 1414
1436 1437 1438
1436 1438 1439
1440 1422 1425
1440 1425 1441
1442 1443 1444
1442 1444 1445
1446 1447 1448
1446 1448 1380
1388 1387 1449
1388 1449 1450
1451 1452 1453
1451 1453 1454
1455 1451 1454
1455 1454 1456
1457 1458 1447
1457 1447 1446
1459 1460 1457
1459 1457 1446
1384 1461 1462
1384 1462 1381
1463 1464 1465
1463 1465 1466
1445 1467 1386
1445 1386 1385
1442 1440 1441
1442 1441 1464
1464 1441 1453
1464 1453 1465
1376 1375 1370
1376 1370 1369
1381 1462 1460
1381 1460 1459
1468 1407 1410
1468 1410 1469
1390 1467 1470
1390 1470 1391
1414 1471 1472
1414 1472 1415
1473 1471 1414
1473 1414 1435
1401 1405 1474
1401 1474 1475
1469 1410 1409
1469 1409 1476
1390 1389 1407
1390 1407 1468
1438 1473 1435
1438 1435 1475
1459 1446 1380
1459 1380 1379
1437 1436 1383
1437 1383 1382
1388 1450 1423
1388 1423 1422
1385 1388 1422
1385 1422 1440
1464 1463 1443
1464 1443 1442
1477 1377 1380
1477 1380 1448
1445 1385 1440
1445 1440 1442
1382 1381 1459
1382 1459 1379
1441 1425 1454
1441 1454 1453
1425 1424 1456
1425 1456 1454
1372 1478 1458
1372 1458 1457
1460 1369 1372
1460 1372 1457
1461 1373 1376
1461 1376 1462
1479 1480 1466
1479 1466 1465
1462 1376 1369
1462 1369 1460
1370 1429 1417
1370 1417 1371
1374 1430 1426
1374 1426 1375
1452 1451 1396
1452 1396 1395
1480 1479 1400
1480 1400 1399
1478 1372 1371
1478 1371 1419
1451 1455 1421
1451 1421 1396
1479 1452 1395
1479 1395 1400
1375 1426 1429
1375 1429 1370
1402 1413 1416
1402 1416 1403
1389 1411 1408
1389 1408 1407
1418 1417 1429
1418 1429 1428
1394 1393 1420
1394 1420 1432
1394 1397 1400
1394 1400 1395
1378 1437 1382
1378 1382 1379
1402 1401 1475
1402 1475 1435
1452 1479 1465
1452 1465 1453
1386 1468 1469
1386 1469 1387
1475 1474 1439
1475 1439 1438
1469 1476 1449
1469 1449 1387
1467 1390 1468
1467 1468 1386
1445 1444 1470
1445 1470 1467
1471 1377 1477
1471 1477 1472
1378 1377 1471
1378 1471 1473
1437 1378 1473
1437 1473 1438
1481 1482 1483
1481 1483 1484
1485 1486 1487
1485 1487 1488
1489 1490 1488
1489 1488 1487
1491 1492 1493
1491 1493 1494
1495 1496 1497
1495 1497 1498
1499 1500 1501
1499 1501 1502
1503 1491 1494
1503 1494 1504
1505 1506 1496
1505 1496 1495
1507 1508 1509
1507 1509 1510
1511 1512 1481
1511 1481 1484
1510 1509 1513
1510 1513 1514
1498 1497 1514
1498 1514 1513
1512 1511 1486
1512 1486 1485
1500 1493 1492
1500 1492 1501
1502 1515 1516
1502 1516 1499
1517 1516 1515
1517 1515 1518
1482 1519 1520
1482 1520 1483
1507 1521 1522
1507 1522 1523
1524 1525 1526
1524 1526 1527
1528 1529 1530
1528 1530 1531
1532 1530 1529
1532 1529 1533
1534 1535 1536
1534 1536 1537
1538 1539 1540
1538 1540 1541
1542 1543 1544
1542 1544 1545
1546 1547 1535
1546 1535 1534
1548 1538 1541
1548 1541 1549
1550 1551 1552
1550 1552 1553
1554 1525 1524
1554 1524 1555
1551 1556 1557
1551 1557 1552
1539 1557 1556
1539 1556 1540
1555 1528 1531
1555 1531 1554
1545 1544 1537
1545 1537 1536
1543 1542 1558
1543 1558 1559
1560 1561 1559
1560 1559 1558
1527 1526 1562
1527 1562 1563
1550 1553 1564
1550 1564 1565
1566 1567 1568
1566 1568 1569
1570 1571 1572
1570 1572 1573
1569 1568 1574
1569 1574 1575
1575 1574 1576
1575 1576 1577
1578 1579 1577
1578 1577 1576
1580 1581 1582
1580 1582 1583
1584 1585 1586
1584 1586 1587
1588 1586 1585
1588 1585 1589
1583 1590 1591
1583 1591 1580
1581 1592 1593
1581 1593 1582
1594 1584 1587
1594 1587 1595
1596 1588 1589
1596 1589 1597
1590 1598 1599
1590 1599 1591
1600 1601 1602
1600 1602 1603
1572 1571 1567
1572 1567 1566
1593 1592 1604
1593 1604 1605
1595 1600 1603
1595 1603 1594
1605 1604 1606
1605 1606 1607
1608 1609 1610
1608 1610 1611
1612 1613 1614
1612 1614 1615
1609 1616 1617
1609 1617 1610
1616 1618 1619
1616 1619 1617
1620 1619 1618
1620 1618 1621
1622 1623 1624
1622 1624 1625
1626 1627 1628
1626 1628 1629
1630 1631 1629
1630 1629 1628
1623 1622 1632
1623 1632 1633
1625 1624 1634
1625 1634 1635
1636 1637 1627
1636 1627 1626
1638 1639 1631
1638 1631 1630
1633 1632 1640
1633 1640 1641
1642 1643 1644
1642 1644 1645
1614 1608 1611
1614 1611 1615
1634 1646 1647
1634 1647 1635
1637 1636 1643
1637 1643 1642
1646 1648 1649
1646 1649 1647
1650 422 421
1650 421 537
544 1650 537
544 537 539
505 539 537
505 537 500
499 502 505
499 505 500
426 503 502
543 1651 484
543 484 529
504 485 484
504 484 1651
1034 1652 1653
1034 1653 1108
462 485 504
462 504 464
462 465 463
1039 1654 1131
1039 1131 1088
551 1655 57
57 1655 185
20 1655 551
20 551 17
305 1655 20
305 20 184
246 242 305
246 305 184
622 730 1119
622 1119 623
772 731 730
772 730 622
49 551 57
631 621 620
550 551 49
647 630 1121
1655 305 185
631 774 621
400 488 404
969 1060 1078
399 487 400
970 1078 1085
257 259 400
969 970 838
404 258 257
969 836 974
499 460 458
1028 997 1031
426 459 427
1031 997 1027
426 502 499
1029 1074 997
406 461 407
1011 975 977
1217 1211 1210
1217 1210 1218
1216 1215 1656
1246 1252 1251
1246 1251 1247
1197 1223 1225
1228 1256 1254
506 516 514
1077 1110 1087
507 515 487
1085 1086 1110
527 488 487
1086 1078 1098
401 506 507
971 1085 1077
257 156 260
839 744 836
1073 1037 1038
153 203 154
743 790 819
261 263 149
840 841 859
350 353 307
350 307 306
925 927 1134
187 160 177
748 750 877
775 748 722
764 749 748
177 163 270
