byte offset: 0
first index: 9300
index count: 1104
topology: trianglelist
format: DXGI_FORMAT_R16_UINT

2309 2310 2311
2312 2313 2314
2315 2316 2317
2313 2318 2314
2313 2315 2317
2319 2320 2321
2319 2322 2323
2321 2320 2324
2325 2322 2319
2325 2326 2327
2321 2328 2329
2321 2330 2331
2325 2332 2333
2331 2330 2334
2335 2332 2325
2335 2336 2337
2338 2331 2339
2340 2336 2335
2338 2339 2341
2340 2342 2343
2338 2344 2345
2346 2347 2348
2346 2349 2347
2340 2348 2350
2338 2349 2346
2339 2331 2334
2321 2329 2330
2321 2324 2328
2319 2323 2320
2325 2327 2322
2325 2333 2326
2335 2337 2332
2340 2343 2336
2340 2350 2342
2346 2348 2340
2338 2345 2349
2338 2341 2344
2351 2339 2334
2352 2351 2334
2352 2334 2330
2353 2352 2330
2353 2330 2329
2354 2353 2329
2354 2329 2328
2355 2354 2328
2355 2328 2324
2356 2357 2341
2358 2355 2324
2358 2324 2320
2359 2358 2320
2359 2320 2323
2360 2359 2323
2360 2323 2322
2361 2360 2322
2361 2322 2327
2362 2361 2327
2362 2327 2326
2363 2362 2326
2363 2326 2333
2364 2363 2333
2364 2333 2332
2365 2364 2332
2365 2332 2337
2366 2365 2337
2366 2337 2336
2367 2366 2336
2367 2336 2343
2368 2367 2343
2368 2343 2342
2369 2368 2342
2369 2342 2350
2370 2369 2350
2370 2350 2348
2371 2370 2348
2371 2348 2347
2372 2371 2347
2372 2347 2349
2373 2372 2349
2373 2349 2345
2374 2373 2345
2374 2345 2344
2357 2374 2344
2357 2344 2341
2356 2341 2339
2351 2356 2339
2375 2331 2338
2375 2321 2331
2375 2319 2321
2375 2325 2319
2375 2335 2325
2375 2340 2335
2375 2346 2340
2375 2338 2346
2309 2376 2310
2309 2377 2376
2309 2312 2377
2309 2313 2312
2309 2315 2313
2309 2378 2315
2309 2311 2378
2379 2380 2381
2380 2382 2381
2383 2384 2379
2384 2380 2379
2385 2386 2383
2386 2384 2383
2387 2388 2385
2388 2386 2385
2389 2390 2387
2390 2388 2387
2391 2392 2389
2392 2390 2389
2393 2394 2391
2394 2392 2391
2395 2396 2393
2396 2394 2393
2397 2398 2395
2398 2396 2395
2399 2400 2397
2400 2398 2397
2401 2402 2399
2402 2400 2399
2403 2404 2401
2404 2402 2401
2405 2406 2403
2406 2404 2403
2407 2408 2405
2408 2406 2405
2409 2410 2407
2410 2408 2407
2314 2411 2409
2411 2410 2409
2318 2412 2314
2412 2411 2314
2317 2413 2318
2413 2412 2318
2316 2414 2317
2414 2413 2317
2415 2416 2316
2416 2414 2316
2417 2418 2415
2418 2416 2415
2419 2420 2417
2420 2418 2417
2421 2422 2419
2422 2420 2419
2381 2382 2421
2382 2422 2421
2311 2383 2379
2311 2387 2385
2310 2376 2391
2376 2395 2393
2376 2399 2397
2377 2403 2401
2312 2407 2405
2312 2314 2409
2313 2317 2318
2315 2415 2316
2315 2419 2417
2381 2421 2378
2311 2310 2387
2376 2393 2391
2310 2389 2387
2310 2391 2389
2311 2385 2383
2376 2397 2395
2311 2379 2381
2376 2377 2399
2311 2381 2378
2377 2401 2399
2377 2312 2403
2378 2421 2419
2312 2405 2403
2315 2378 2419
2315 2417 2415
2312 2409 2407
2423 2424 2425
2424 2426 2425
2426 2427 2425
2427 2428 2425
2429 2430 2431
2431 2430 2432
2432 2430 2433
2433 2430 2434
2435 2436 2425
2437 2430 2438
2438 2430 2439
2439 2430 2440
2440 2430 2441
2441 2430 2442
2442 2430 2443
2443 2430 2444
2444 2430 2445
2445 2430 2446
2446 2430 2447
2447 2430 2448
2448 2430 2449
2449 2430 2450
2450 2430 2451
2451 2430 2429
2434 2430 2437
2428 2452 2425
2452 2453 2425
2453 2454 2425
2454 2455 2425
2455 2456 2425
2456 2457 2425
2457 2458 2425
2458 2459 2425
2459 2460 2425
2460 2461 2425
2461 2462 2425
2462 2463 2425
2463 2435 2425
2436 2464 2425
2464 2423 2425
2465 2466 2467
2468 2466 2469
2470 2466 2468
2471 2466 2470
2472 2473 2474
2475 2466 2471
2476 2466 2475
2477 2466 2476
2478 2466 2477
2479 2466 2478
2480 2466 2479
2481 2466 2480
2482 2466 2481
2483 2466 2482
2484 2485 2474
2486 2466 2483
2487 2466 2486
2488 2466 2487
2467 2466 2488
2489 2484 2474
2490 2466 2465
2491 2466 2490
2469 2466 2491
2485 2492 2474
2492 2493 2474
2493 2472 2474
2473 2494 2474
2494 2495 2474
2495 2496 2474
2496 2497 2474
2497 2498 2474
2498 2499 2474
2499 2500 2474
2500 2501 2474
2501 2502 2474
2502 2503 2474
2503 2504 2474
2504 2505 2474
2505 2506 2474
2506 2489 2474
2507 2508 2509
2510 2511 2512
2511 2513 2512
2512 2513 2514
2513 2515 2514
2516 2517 2518
2517 2519 2518
2514 2515 2516
2515 2517 2516
2520 2521 2522
2521 2523 2522
2524 2525 2526
2525 2527 2526
2528 2529 2520
2529 2521 2520
2522 2523 2510
2523 2511 2510
2530 2531 2528
2531 2529 2528
2518 2519 2527
2519 2526 2527
2508 2532 2509
2533 2507 2534
2507 2509 2534
2535 2536 2537
2536 2538 2537
2536 2533 2538
2533 2534 2538
2539 2540 2541
2540 2542 2541
2543 2544 2545
2544 2546 2545
2540 2547 2542
2547 2548 2542
2508 2539 2532
2539 2541 2532
2547 2549 2548
2549 2550 2548
2545 2535 2543
2535 2537 2543
2551 2552 2553
2554 2552 2551
2555 2552 2554
2556 2552 2555
2557 2552 2556
2558 2552 2557
2559 2552 2558
2560 2561 2562
2563 2561 2560
2564 2561 2563
2565 2561 2564
2566 2561 2565
2567 2561 2568
2568 2561 2569
2569 2561 2566
2570 2552 2571
2572 2573 2574
2575 2576 2577
2578 2576 2575
2579 2576 2578
2580 2576 2579
2581 2576 2580
2582 2576 2581
2583 2576 2582
2584 2576 2583
2585 2561 2586
2587 2576 2584
2588 2576 2587
2589 2576 2588
2577 2576 2589
2590 2573 2572
2591 2573 2590
2592 2573 2591
2593 2573 2592
2594 2573 2593
2595 2573 2594
2596 2573 2597
2598 2573 2596
2599 2573 2598
2600 2573 2599
2601 2573 2600
2602 2573 2601
2574 2573 2602
2603 2604 2605
2606 2604 2603
2607 2604 2606
2608 2604 2607
2609 2604 2608
2610 2604 2609
2611 2604 2612
2613 2604 2611
2614 2604 2613
2612 2604 2610
2615 2616 2617
2618 2616 2615
2619 2616 2618
2620 2616 2619
2621 2616 2620
2622 2616 2621
2623 2616 2622
2624 2616 2623
2625 2616 2624
2626 2616 2625
2627 2616 2626
2617 2616 2627
2628 2552 2559
2629 2552 2628
2571 2552 2629
2586 2561 2567
2630 2552 2570
2631 2552 2630
2553 2552 2632
