byte offset: 0
first index: 7398
index count: 2490
topology: trianglelist
format: DXGI_FORMAT_R16_UINT

1578 1579 1580
1578 1581 1579
1578 1582 1583
1578 1584 1582
1578 1585 1584
1578 1586 1585
1578 1587 1586
1588 1589 1580
1588 1580 1590
1591 1592 1589
1591 1589 1588
1593 1594 1592
1593 1592 1591
1593 1595 1587
1593 1587 1594
1578 1583 1581
1596 1590 1580
1596 1580 1579
1597 1596 1579
1597 1579 1581
1598 1599 1583
1598 1583 1582
1600 1598 1582
1600 1582 1584
1601 1600 1584
1601 1584 1585
1602 1601 1585
1602 1585 1586
1595 1602 1586
1595 1586 1587
1589 1578 1580
1592 1578 1603
1594 1578 1592
1587 1578 1594
1599 1597 1581
1599 1581 1583
1604 1605 1606
1604 1606 1607
1608 1609 1610
1608 1610 1611
1610 1609 1612
1610 1612 1613
1614 1615 1608
1614 1608 1611
1607 1616 1617
1607 1617 1604
1618 1619 1620
1618 1620 1621
1622 1623 1624
1625 1626 1627
1625 1627 1628
1629 1630 1631
1629 1631 1632
1633 1634 1635
1633 1635 1636
1628 1627 1637
1628 1637 1638
1639 1640 1641
1633 1642 1643
1633 1643 1634
1644 1645 1646
1612 1647 1613
1648 1649 1623
1648 1623 1650
1651 1652 1624
1623 1649 1624
1624 1649 1651
1644 1646 1621
1644 1621 1620
1653 1654 1655
1653 1655 1656
1657 1658 1659
1657 1659 1656
1657 1656 1655
1660 1661 1630
1660 1630 1629
1662 1663 1664
1662 1664 1665
1637 1640 1639
1637 1639 1638
1626 1625 1661
1626 1661 1660
1665 1664 1632
1665 1632 1631
1666 1667 1663
1666 1663 1662
1605 1668 1669
1605 1669 1606
1669 1668 1615
1669 1615 1614
1616 1648 1650
1616 1650 1617
1667 1666 1636
1667 1636 1635
1642 1670 1643
1671 1672 1673
1671 1673 1674
1675 1676 1677
1675 1677 1678
1679 1680 1681
1682 1683 1684
1682 1684 1685
1686 1687 1688
1689 1690 1677
1691 1692 1693
1691 1693 1694
1693 1695 1694
1696 1697 1698
1696 1698 1699
1685 1684 1700
1685 1700 1701
1702 1703 1704
1702 1704 1705
1682 1685 1694
1682 1694 1695
1682 1706 1688
1691 1694 1685
1691 1685 1701
1682 1707 1706
1682 1695 1707
1690 1708 1678
1690 1678 1677
1683 1682 1688
1683 1688 1687
1688 1709 1686
1688 1706 1709
1705 1704 1697
1705 1697 1696
1671 1674 1703
1671 1703 1702
1699 1698 1679
1699 1679 1681
1676 1675 1673
1676 1673 1672
1692 1691 1690
1692 1690 1689
1691 1701 1690
1701 1700 1708
1701 1708 1690
1710 1711 1712
1710 1712 1713
1710 1714 1715
1710 1715 1716
1710 1716 1717
1710 1717 1718
1710 1718 1719
1720 1721 1711
1720 1711 1722
1723 1720 1722
1723 1722 1724
1725 1723 1724
1725 1724 1726
1725 1726 1719
1725 1719 1727
1710 1713 1714
1728 1712 1711
1728 1711 1721
1729 1713 1712
1729 1712 1730
1731 1715 1714
1731 1714 1732
1733 1716 1715
1733 1715 1731
1734 1717 1716
1734 1716 1733
1735 1718 1717
1735 1717 1734
1727 1719 1718
1727 1718 1735
1722 1711 1710
1724 1722 1710
1726 1724 1710
1719 1726 1710
1732 1714 1713
1732 1713 1729
1736 1737 1738
1736 1738 1739
1740 1741 1742
1740 1742 1743
1742 1744 1745
1742 1745 1743
1746 1741 1740
1746 1740 1747
1737 1736 1748
1737 1748 1749
1750 1751 1752
1750 1752 1753
1754 1755 1756
1757 1758 1759
1757 1759 1760
1761 1762 1763
1761 1763 1764
1765 1766 1767
1765 1767 1768
1758 1769 1770
1758 1770 1759
1771 1772 1773
1765 1768 1774
1765 1774 1775
1776 1777 1778
1745 1744 1779
1780 1781 1756
1780 1756 1782
1783 1755 1784
1756 1755 1782
1755 1783 1782
1776 1752 1751
1776 1751 1777
1785 1786 1787
1785 1787 1788
1789 1790 1791
1789 1787 1786
1789 1786 1790
1792 1761 1764
1792 1764 1793
1794 1795 1796
1794 1796 1797
1770 1769 1771
1770 1771 1773
1760 1792 1793
1760 1793 1757
1795 1763 1762
1795 1762 1796
1798 1794 1797
1798 1797 1799
1739 1738 1800
1739 1800 1801
1800 1746 1747
1800 1747 1801
1749 1748 1781
1749 1781 1780
1799 1767 1766
1799 1766 1798
1775 1774 1802
1803 1804 1805
1803 1805 1806
1807 1808 1809
1807 1809 1810
1811 1812 1813
1814 1815 1816
1814 1816 1817
1818 1819 1820
1821 1809 1822
1823 1824 1825
1823 1825 1826
1825 1824 1827
1828 1829 1830
1828 1830 1831
1815 1832 1833
1815 1833 1816
1834 1835 1836
1834 1836 1837
1814 1827 1824
1814 1824 1815
1814 1819 1838
1823 1832 1815
1823 1815 1824
1814 1838 1839
1814 1839 1827
1822 1808 1840
1822 1809 1808
1817 1820 1819
1817 1819 1814
1819 1818 1841
1819 1841 1838
1835 1828 1831
1835 1831 1836
1803 1834 1837
1803 1837 1804
1829 1812 1811
1829 1811 1830
1810 1806 1805
1810 1805 1807
1826 1821 1822
1826 1822 1823
1823 1822 1832
1832 1822 1840
1832 1840 1833
1842 1843 1844
1842 1844 1845
1846 1847 1848
1846 1848 1849
1850 1851 1852
1853 1854 1855
1856 1857 1858
1856 1858 1859
1860 1861 1862
1863 1864 1865
1863 1865 1866
1867 1848 1847
1867 1847 1868
1869 1870 1871
1869 1871 1872
1873 1853 1855
1873 1855 1874
1875 1863 1866
1875 1866 1876
1877 1878 1879
1877 1879 1880
1881 1882 1843
1881 1843 1842
1861 1883 1862
1884 1885 1886
1887 1888 1889
1887 1889 1890
1871 1891 1872
1892 1893 1865
1873 1874 1889
1873 1889 1888
1894 1895 1864
1894 1864 1863
1863 1896 1897
1898 1899 1900
1897 1901 1894
1896 1902 1903
1896 1903 1904
1905 1906 1907
1905 1907 1908
1906 1909 1910
1862 1842 1845
1862 1845 1860
1883 1881 1842
1883 1842 1862
1911 1907 1906
1863 1897 1894
1912 1913 1914
1915 1916 1917
1915 1917 1918
1918 1917 1913
1918 1913 1912
1919 1920 1921
1919 1921 1922
1923 1924 1925
1923 1925 1926
1927 1928 1929
1930 1931 1932
1930 1932 1933
1934 1935 1936
1934 1936 1937
1938 1939 1940
1938 1940 1941
1939 1938 1942
1939 1942 1943
1944 1945 1943
1944 1943 1942
1946 1947 1948
1944 1946 1948
1944 1948 1945
1949 1909 1906
1949 1906 1905
1950 1951 1952
1950 1952 1953
1954 1917 1916
1954 1916 1955
1956 1913 1917
1956 1917 1954
1957 1958 1959
1957 1959 1960
1926 1961 1962
1963 1964 1929
1963 1929 1928
1965 1966 1933
1965 1933 1932
1936 1935 1967
1936 1967 1968
1969 1970 1940
1969 1940 1939
1943 1971 1939
1913 1956 1914
1972 1973 1951
1972 1951 1950
1854 1853 1974
1975 1976 1848
1962 1961 1977
1962 1977 1978
1979 1980 1981
1976 1975 1982
1867 1893 1975
1867 1975 1848
1926 1962 1923
1983 1984 1985
1983 1985 1971
1985 1986 1987
1985 1987 1969
1988 1989 1990
1876 1878 1875
1921 1960 1991
1921 1991 1922
1992 1993 1994
1995 1996 1997
1998 1996 1995
1999 1988 1990
1886 1885 2000
1886 2000 2001
1951 2002 1952
2003 2002 1973
2004 2005 1990
2004 1990 1989
2006 2007 2008
2009 2010 2011
2012 2013 2014
2007 2015 2008
1994 2016 2017
1994 2017 1900
1901 2018 1997
1904 1998 1995
2019 2020 2021
2022 2019 2021
2023 2024 2025
2026 1974 1853
2026 1853 1873
1943 1945 2027
1943 2027 1971
1947 2028 1948
2027 1945 1948
2027 1948 2028
1888 1909 2026
1888 2026 1873
1908 2020 2019
1908 2019 1905
1905 2019 2022
1905 2022 1949
2024 2023 2029
2024 2029 1984
1910 1891 1911
2030 2031 2032
2030 2032 1852
1910 1888 1887
1906 1910 1911
2033 1999 1990
2033 1990 2005
1878 2034 1875
1882 1879 1878
1882 1878 1843
1878 2035 1844
1878 1844 1843
1991 1960 1959
1991 1959 2036
1984 2029 1986
1984 1986 1985
1984 1983 2037
1984 2037 2024
2025 2024 2037
1985 1969 1971
2038 1972 1959
2038 1959 1958
1859 1858 2001
1859 2001 2000
2033 2005 1877
2033 1877 1880
2039 1877 2005
2039 2005 2004
2040 2036 1950
2040 1950 1953
2041 1955 1916
2041 1916 1991
2041 1991 2036
2041 2036 2040
2038 2003 1973
2038 1973 1972
1973 2002 1951
1950 2036 1959
1950 1959 1972
1920 1923 2042
1920 2042 2043
1923 1920 1919
1923 1919 1924
1971 1969 1939
1957 1900 2017
1900 1899 1992
1900 1992 1994
1994 1993 2016
1921 1920 2043
1921 2043 1898
1921 1898 1957
1921 1957 1960
1991 2044 1922
1878 1876 2035
1991 1916 1915
1991 1915 2044
1875 1902 1896
1898 2043 1899
1897 2018 1901
1856 2045 1857
1878 1877 2039
1878 2039 2034
1897 1896 1904
1897 1904 2018
2018 1995 1997
1904 1903 1998
2018 1904 1995
1957 1898 1900
1888 1910 1909
1851 2046 2030
1871 1870 2031
1871 2031 2030
1891 1910 1872
1872 1887 1890
1872 1890 1869
1964 2047 1926
1964 1926 1929
1926 1925 1927
1926 1927 1929
1968 1965 1932
1968 1932 1936
1936 1932 1931
1936 1931 1937
1970 1967 1935
1970 1935 1940
1935 1934 1941
1935 1941 1940
2048 1850 2049
1852 2032 2050
1852 2050 2049
1846 2048 2049
1846 2049 1847
1963 1928 1933
1963 1933 1966
2050 1868 1847
2050 1847 2049
1930 1933 1928
1930 1928 2051
1969 1987 1970
2010 2009 2052
2010 2052 1979
1979 2052 2053
1979 2053 1980
1864 1895 2054
1864 2054 1892
1961 2047 1977
1865 1864 1892
2010 2055 2011
1962 2042 1923
1926 2047 1961
2056 2013 2012
2056 2012 1982
1975 2056 1982
2057 2015 2007
2057 2007 1977
2006 1978 1977
2006 1977 2007
1979 1981 2055
1979 2055 2010
1892 1975 1893
1976 1849 1848
2047 2057 1977
1863 1875 1896
1910 1887 1872
2046 1871 2030
1871 2046 1891
1851 2030 1852
1850 1852 2049
1981 1980 2058
2059 2060 2061
2059 2061 2062
2063 2064 2065
2063 2065 2066
2067 2068 2069
2070 2071 2072
2073 2074 2075
2073 2075 2076
2077 2078 2079
2080 2081 2082
2080 2082 2083
2084 2085 2066
2084 2066 2065
2086 2087 2088
2086 2088 2089
2090 2091 2071
2090 2071 2070
2092 2093 2081
2092 2081 2080
2094 2095 2096
2094 2096 2097
2098 2059 2062
2098 2062 2099
2079 2078 2100
2101 2102 2103
2104 2105 2106
2104 2106 2107
2088 2087 2108
2109 2082 2110
2090 2107 2106
2090 2106 2091
2111 2080 2083
2111 2083 2112
2080 2113 2114
2115 2116 2117
2113 2111 2118
2114 2119 2120
2114 2120 2121
2122 2123 2124
2122 2124 2125
2125 2126 2127
2078 2077 2060
2078 2060 2059
2100 2078 2059
2100 2059 2098
2128 2125 2124
2080 2111 2113
2129 2130 2131
2132 2133 2134
2132 2134 2135
2133 2129 2131
2133 2131 2134
2136 2137 2138
2136 2138 2139
2140 2141 2142
2140 2142 2143
2144 2145 2146
2147 2148 2149
2147 2149 2150
2151 2152 2153
2151 2153 2154
2155 2156 2157
2155 2157 2158
2158 2159 2160
2158 2160 2155
2161 2160 2159
2161 2159 2162
2163 2164 2165
2161 2162 2164
2161 2164 2163
2166 2122 2125
2166 2125 2127
2167 2168 2169
2167 2169 2170
2171 2172 2135
2171 2135 2134
2173 2171 2134
2173 2134 2131
2174 2175 2176
2174 2176 2177
2141 2178 2179
2180 2146 2145
2180 2145 2181
2182 2149 2148
2182 2148 2183
2153 2184 2185
2153 2185 2154
2186 2158 2157
2186 2157 2187
2159 2158 2188
2131 2130 2173
2189 2167 2170
2189 2170 2190
2072 2191 2070
2192 2065 2193
2178 2194 2195
2178 2195 2179
2196 2197 2198
2193 2199 2192
2084 2065 2192
2084 2192 2110
2141 2140 2178
2200 2188 2201
2200 2201 2202
2201 2186 2203
2201 2203 2204
2205 2206 2207
2093 2092 2097
2138 2137 2208
2138 2208 2175
2209 2210 2211
2212 2213 2214
2215 2212 2214
2216 2206 2205
2102 2217 2218
2102 2218 2103
2170 2169 2219
2220 2190 2219
2221 2207 2206
2221 2206 2222
2223 2224 2225
2226 2227 2228
2229 2230 2231
2225 2224 2232
2210 2116 2233
2210 2233 2234
2118 2213 2235
2119 2212 2215
2236 2237 2238
2239 2237 2236
2240 2241 2242
2243 2090 2070
2243 2070 2191
2159 2188 2244
2159 2244 2162
2165 2164 2245
2244 2245 2164
2244 2164 2162
2107 2090 2243
2107 2243 2127
2123 2122 2236
2123 2236 2238
2122 2166 2239
2122 2239 2236
2242 2202 2246
2242 2246 2240
2126 2128 2108
2247 2068 2248
2247 2248 2249
2126 2104 2107
2125 2128 2126
2250 2222 2206
2250 2206 2216
2097 2092 2251
2099 2062 2097
2099 2097 2096
2097 2062 2061
2097 2061 2252
2208 2253 2176
2208 2176 2175
2202 2201 2204
2202 2204 2246
2202 2242 2254
2202 2254 2200
2241 2254 2242
2201 2188 2186
2255 2177 2176
2255 2176 2189
2074 2218 2217
2074 2217 2075
2250 2095 2094
2250 2094 2222
2256 2221 2222
2256 2222 2094
2257 2168 2167
2257 2167 2253
2258 2208 2135
2258 2135 2172
2258 2257 2253
2258 2253 2208
2255 2189 2190
2255 2190 2220
2190 2170 2219
2167 2189 2176
2167 2176 2253
2139 2259 2260
2139 2260 2140
2140 2143 2136
2140 2136 2139
2188 2158 2186
2174 2233 2116
2116 2210 2209
2116 2209 2117
2210 2234 2211
2138 2115 2259
2138 2259 2139
2138 2175 2174
2138 2174 2115
2208 2137 2261
2097 2252 2093
2208 2261 2132
2208 2132 2135
2092 2114 2121
2115 2117 2259
2113 2118 2235
2073 2076 2262
2097 2251 2256
2097 2256 2094
2113 2235 2119
2113 2119 2114
2235 2213 2212
2119 2215 2120
2235 2212 2119
2174 2116 2115
2107 2127 2126
2069 2247 2263
2088 2247 2249
2088 2249 2089
2108 2087 2126
2087 2086 2105
2087 2105 2104
2181 2145 2141
2181 2141 2264
2141 2145 2144
2141 2144 2142
2184 2153 2149
2184 2149 2182
2153 2152 2150
2153 2150 2149
2187 2157 2154
2187 2154 2185
2154 2157 2156
2154 2156 2151
2265 2266 2067
2068 2266 2267
2068 2267 2248
2063 2066 2266
2063 2266 2265
2180 2183 2148
2180 2148 2146
2267 2266 2066
2267 2066 2085
2147 2268 2146
2147 2146 2148
2186 2187 2203
2228 2196 2269
2228 2269 2226
2196 2198 2270
2196 2270 2269
2083 2109 2271
2083 2271 2112
2179 2195 2264
2082 2109 2083
2228 2227 2272
2178 2140 2260
2141 2179 2264
2273 2199 2229
2273 2229 2231
2192 2199 2273
2274 2195 2225
2274 2225 2232
2223 2225 2195
2223 2195 2194
2196 2228 2272
2196 2272 2197
2109 2110 2192
2193 2065 2064
2264 2195 2274
2080 2114 2092
2126 2087 2104
2263 2247 2088
2088 2108 2263
2069 2068 2247
2067 2266 2068
2197 2275 2198
2051 1928 1927
2146 2268 2144
