byte offset: 0
first index: 0
index count: 7398
topology: trianglelist
format: DXGI_FORMAT_R16_UINT

0 1 2
0 2 3
4 5 6
4 6 7
8 4 7
8 7 9
10 1 0
10 0 11
12 13 1
12 1 10
14 12 10
14 10 15
7 6 11
15 16 17
15 17 14
6 18 16
6 16 15
19 16 18
19 18 20
21 17 16
21 16 19
17 21 22
17 22 23
14 17 23
14 23 24
22 25 26
22 26 23
26 27 24
26 24 23
28 29 30
28 30 20
20 30 31
20 31 19
32 22 21
32 21 33
20 18 34
20 34 28
5 34 18
5 18 6
13 12 35
13 35 36
24 35 12
24 12 14
27 37 35
27 35 24
36 35 37
36 37 38
39 40 38
39 38 37
39 37 27
39 27 41
38 42 36
43 13 36
43 36 44
2 1 13
2 13 43
26 25 45
26 45 46
46 41 27
46 27 26
47 48 45
47 45 25
25 22 47
49 50 51
49 51 52
44 42 53
44 53 54
55 43 44
55 44 54
56 57 58
56 58 59
60 61 62
60 62 63
64 65 66
64 66 67
68 66 65
68 65 69
63 70 71
63 71 60
72 73 74
72 74 75
61 72 75
61 75 62
76 77 66
76 66 68
77 76 78
77 78 79
74 78 76
74 76 75
68 62 75
68 75 76
79 78 80
81 82 74
80 82 83
80 83 84
85 86 81
85 81 87
74 73 87
74 87 81
88 89 90
91 92 93
91 93 94
95 96 92
95 92 97
98 93 96
93 98 99
93 99 100
101 102 103
101 103 104
105 106 101
101 107 108
101 108 105
107 104 109
84 108 107
84 107 80
79 109 77
77 110 67
77 67 66
80 107 109
80 109 79
111 112 71
111 71 70
97 113 114
97 114 95
95 64 67
95 67 96
98 110 99
96 67 110
96 110 98
115 89 106
115 106 116
117 86 118
83 119 120
83 120 84
108 121 122
108 122 105
34 5 61
34 61 60
28 34 60
28 60 71
73 72 4
73 4 8
5 4 72
5 72 61
87 73 8
87 8 123
29 28 71
29 71 112
124 125 126
124 126 127
128 129 130
131 132 133
131 133 134
135 136 137
135 137 138
139 140 141
139 141 135
137 136 142
143 141 144
135 138 139
144 140 145
146 147 130
146 130 148
149 130 150
151 152 153
151 153 154
155 156 157
155 157 158
159 160 161
159 161 162
163 164 165
163 165 166
129 128 167
129 167 168
169 170 171
169 171 172
134 173 174
134 174 175
176 177 178
179 180 181
181 182 179
183 184 185
183 185 186
30 187 188
30 188 31
112 189 190
112 190 29
47 32 140
47 140 139
111 191 112
156 159 162
156 162 157
192 164 191
192 191 111
193 192 111
193 111 70
114 194 64
114 64 95
194 195 65
194 65 64
195 196 69
195 69 65
70 196 197
70 197 193
198 199 193
198 193 197
200 201 202
200 202 203
201 200 204
201 204 205
199 206 192
199 192 193
207 201 205
207 205 208
209 210 161
209 161 211
29 190 187
29 187 30
212 213 214
215 212 214
215 216 217
217 216 218
217 218 219
196 195 220
196 220 197
213 220 195
213 195 194
214 213 194
214 194 114
214 114 113
214 113 216
216 113 221
216 221 218
222 223 125
222 125 124
224 225 226
224 226 227
127 126 228
127 228 229
170 169 230
170 230 231
231 146 148
231 148 170
232 230 169
232 169 233
233 169 172
233 172 234
235 236 237
235 237 238
178 239 236
178 236 235
225 222 124
226 124 127
229 228 240
229 240 177
208 149 150
208 150 207
205 209 208
210 205 204
204 241 210
242 241 243
242 243 244
244 245 246
244 246 242
152 151 247
152 247 248
249 250 251
250 249 252
250 252 253
253 252 254
253 254 255
255 254 256
255 256 257
256 258 259
256 259 257
259 258 260
259 260 261
262 263 261
262 261 260
263 262 264
263 264 265
265 264 266
265 266 267
268 163 166
268 166 269
163 268 251
151 246 245
151 245 247
246 151 154
246 154 158
140 32 33
196 70 63
196 63 69
62 68 69
62 69 63
57 270 271
57 271 58
85 87 123
85 123 272
82 81 86
82 86 83
9 273 123
9 123 8
273 274 272
273 272 123
275 128 130
275 130 149
128 275 276
128 276 167
208 209 275
208 275 149
211 276 275
211 275 209
239 178 177
239 177 240
141 277 136
278 279 269
278 269 166
166 165 280
166 280 278
281 280 165
281 165 206
202 281 206
202 206 199
200 282 243
200 243 204
282 283 244
282 244 243
245 244 283
245 283 284
284 285 247
284 247 245
247 285 286
248 247 286
248 286 287
203 288 282
203 282 200
288 289 283
288 283 282
289 290 284
289 284 283
290 291 285
290 285 284
286 291 292
287 286 292
287 292 293
203 202 199
203 199 198
198 294 288
198 288 203
289 288 294
289 294 295
290 295 212
215 291 212
217 292 215
164 192 206
164 206 165
197 220 294
197 294 198
295 294 220
295 220 213
296 297 230
296 230 232
297 298 231
297 231 230
146 231 298
146 298 279
147 146 279
147 279 278
278 150 147
280 281 207
280 207 150
281 202 201
281 201 207
139 299 47
141 143 277
277 300 301
302 303 304
303 302 238
305 306 307
305 307 308
309 173 134
309 134 133
234 133 132
234 132 233
186 296 232
186 232 183
179 182 185
179 185 184
277 301 142
145 259 144
259 145 257
187 255 257
187 257 188
255 187 190
255 190 253
253 190 189
253 189 250
250 189 310
310 191 164
310 164 163
145 33 188
31 33 21
31 21 19
311 312 313
314 315 53
314 53 49
316 56 59
316 59 317
318 2 43
318 43 55
2 318 319
2 319 3
84 120 121
84 121 108
177 176 226
177 226 229
143 263 300
263 143 261
170 148 171
320 321 168
172 171 321
172 321 322
322 323 234
322 234 172
133 234 323
133 323 309
233 132 183
233 183 232
184 183 132
184 132 131
131 175 179
131 179 184
175 174 324
175 324 325
324 306 305
324 305 325
134 175 131
179 175 325
179 325 180
302 304 180
326 327 328
326 328 329
330 331 332
330 332 333
260 258 334
260 334 335
336 337 338
336 338 339
268 340 251
341 252 342
256 254 343
256 343 344
340 268 345
346 347 348
346 348 349
338 337 329
338 329 328
350 329 337
350 337 351
352 353 354
352 354 355
356 357 358
359 326 329
359 329 350
360 331 330
360 330 361
362 363 364
362 364 365
182 181 304
182 304 366
361 362 365
361 365 360
367 368 369
367 369 370
357 356 371
343 254 252
343 252 341
372 258 256
372 256 344
373 374 375
373 375 376
347 297 296
347 296 348
377 378 379
380 381 382
383 384 381
383 381 380
385 386 387
385 387 388
126 389 387
125 389 126
345 269 279
345 279 298
347 345 298
347 298 297
390 366 303
391 366 392
391 392 393
390 377 394
395 396 397
395 397 398
348 399 400
348 400 349
387 389 326
387 326 359
327 326 389
327 389 401
399 391 393
399 393 400
402 403 404
402 404 405
404 406 376
404 376 375
407 408 409
407 409 410
411 412 409
411 409 408
413 370 369
413 369 414
415 416 417
415 417 418
419 420 415
419 415 421
422 340 345
407 410 402
407 402 423
359 424 388
359 388 387
424 359 350
424 350 423
423 350 351
423 351 407
408 407 351
408 351 425
354 411 372
354 372 344
126 387 386
126 386 228
380 239 240
380 240 383
378 236 239
378 239 380
378 377 237
378 237 236
377 390 303
377 303 237
383 240 228
383 228 386
384 383 386
384 386 385
426 384 385
426 385 427
391 399 186
391 186 185
296 186 399
296 399 348
366 390 392
428 429 394
343 355 354
343 354 344
355 343 341
355 341 430
342 431 430
342 430 341
340 432 433
426 332 331
426 331 434
435 436 437
431 438 439
431 439 430
440 434 331
440 331 360
365 364 428
365 428 441
441 440 360
441 360 365
432 442 443
430 439 352
430 352 355
374 427 444
374 444 375
395 398 445
395 445 429
406 404 403
406 403 446
444 388 424
444 424 405
447 448 449
447 449 450
451 452 435
453 442 432
420 454 416
420 416 415
455 418 349
455 349 400
333 332 374
333 374 373
363 396 395
363 395 364
251 433 249
431 342 443
443 456 431
368 367 358
368 358 457
422 345 346
453 422 417
413 414 416
413 416 454
260 335 336
260 336 262
391 185 182
391 182 366
262 336 339
262 339 264
339 338 458
339 458 459
335 351 337
335 337 336
436 353 352
436 352 371
405 424 423
405 423 402
449 410 409
449 409 450
436 452 412
436 412 353
417 346 418
403 402 410
403 410 449
332 426 427
332 427 374
364 395 429
364 429 428
384 426 434
384 434 381
357 439 438
357 438 457
434 440 382
434 382 381
394 379 441
394 441 428
379 382 441
442 369 456
371 352 439
371 439 357
388 444 427
388 427 385
429 445 392
405 404 375
405 375 444
442 414 369
418 455 421
418 421 415
457 438 456
457 456 368
414 453 417
414 417 416
397 419 421
397 421 398
398 421 455
398 455 445
400 393 445
400 445 455
100 460 93
49 52 461
49 461 314
267 462 265
327 463 464
327 464 328
464 458 338
464 338 328
264 339 459
264 459 266
401 125 223
401 223 465
463 327 401
463 401 465
102 88 466
102 466 103
277 143 300
301 300 462
467 224 227
467 227 468
40 50 38
469 238 302
469 302 470
235 238 469
270 311 313
270 313 271
86 117 119
86 119 83
180 325 305
180 305 470
302 180 470
308 469 470
468 227 471
468 471 472
227 226 176
227 176 471
127 229 226
178 235 469
178 469 176
308 471 469
308 307 472
308 472 471
89 115 473
89 473 90
474 475 476
474 476 477
478 479 480
481 474 477
482 483 484
485 486 487
488 489 476
488 476 490
491 492 493
494 495 489
496 497 498
496 498 499
500 501 502
489 488 494
476 475 490
503 504 481
503 481 477
503 505 504
505 503 506
505 506 507
491 493 502
491 502 501
495 508 509
483 500 502
483 502 484
479 482 484
479 484 480
487 486 478
487 478 480
485 487 498
485 498 497
493 492 506
492 507 506
494 508 495
510 511 512
513 514 515
513 515 516
517 518 519
517 519 516
520 521 522
520 522 523
524 525 526
524 526 527
526 528 529
526 529 527
530 531 532
511 530 532
511 532 512
523 522 518
523 518 517
533 534 535
533 535 536
524 510 512
524 512 525
516 519 513
537 538 532
537 532 534
517 539 540
517 540 523
516 541 539
516 539 517
542 543 528
542 528 526
544 545 525
544 525 512
546 520 523
546 523 540
541 547 548
541 548 539
549 550 542
549 542 545
540 551 552
540 552 546
550 553 543
550 543 542
554 555 556
554 556 557
558 559 560
558 560 561
562 563 556
562 556 564
565 566 567
565 567 561
559 568 569
559 569 560
570 571 555
570 555 554
572 573 574
572 574 566
575 565 576
577 578 579
577 579 580
557 581 554
520 546 582
520 582 583
546 552 584
546 584 582
585 586 567
585 567 587
588 589 563
588 563 562
544 538 590
544 590 591
573 592 593
573 593 574
557 577 580
557 580 581
575 572 566
575 566 565
581 570 554
594 575 576
588 562 590
562 564 549
562 549 591
564 595 550
564 550 549
595 596 553
595 553 550
568 559 547
568 547 597
547 559 558
547 558 548
551 558 586
551 586 552
585 584 552
585 552 586
541 516 515
541 515 598
537 534 533
537 533 599
600 585 587
600 587 601
602 537 599
602 599 603
588 602 603
588 603 604
584 585 600
584 600 605
583 606 521
520 583 521
607 608 609
607 609 583
545 542 526
545 526 525
549 545 544
549 544 591
539 548 551
539 551 540
548 558 551
547 541 598
547 598 597
590 538 537
590 537 602
538 544 512
538 512 532
588 590 602
590 562 591
555 595 564
555 564 556
576 565 561
576 561 560
577 557 556
577 556 563
586 558 561
586 561 567
594 576 560
594 560 569
571 596 595
571 595 555
566 574 587
566 587 567
578 577 563
578 563 589
574 593 601
574 601 587
589 588 604
589 604 610
318 55 611
318 611 612
613 614 615
613 615 616
617 618 312
619 620 621
619 621 622
623 624 625
623 625 626
319 318 612
319 612 627
272 628 629
272 629 85
630 631 316
630 316 317
55 54 632
55 632 611
622 621 624
622 624 623
633 634 635
633 635 636
618 617 620
618 620 619
614 613 637
614 637 638
639 640 154
639 154 153
242 246 158
242 158 157
210 241 162
210 162 161
641 320 168
641 168 167
241 242 157
241 157 162
160 642 211
160 211 161
640 155 158
640 158 154
643 641 167
643 167 276
642 643 276
642 276 211
171 129 168
171 168 321
212 295 213
215 214 216
450 452 451
450 451 447
495 509 499
498 495 499
312 644 313
645 646 312
312 618 645
312 646 644
86 85 629
86 629 118
272 274 647
272 647 628
273 3 319
273 319 274
319 627 647
319 647 274
273 9 0
273 0 3
9 7 11
9 11 0
15 10 11
6 15 11
432 443 433
411 354 353
411 353 412
408 425 372
408 372 411
450 409 412
450 412 452
425 351 335
425 335 334
372 425 334
372 334 258
390 394 392
304 181 180
366 304 303
422 346 417
382 440 441
378 382 379
422 432 340
442 456 443
433 342 249
252 249 342
205 210 209
204 243 241
346 349 418
442 453 414
432 422 453
356 437 371
357 457 358
448 446 403
448 403 449
148 129 171
436 371 437
452 436 435
293 292 217
292 291 215
291 290 212
290 289 295
286 285 291
278 280 150
268 269 345
345 347 346
369 368 456
456 438 431
342 433 443
340 433 251
250 310 251
191 189 112
189 191 310
42 50 49
42 49 53
315 632 54
315 54 53
635 634 631
635 631 630
531 535 534
531 534 532
38 50 42
42 44 36
40 51 50
105 122 116
105 116 106
626 625 616
626 616 615
583 609 606
106 89 102
106 102 101
88 102 89
100 99 104
100 104 103
460 100 103
460 103 466
107 101 104
104 99 109
93 92 96
110 109 99
109 110 77
78 82 80
82 78 74
125 401 389
648 649 650
648 650 651
651 650 652
651 652 653
654 655 656
654 656 657
658 659 654
658 654 657
659 658 649
659 649 648
660 661 662
660 662 663
662 661 664
662 664 665
666 660 663
666 663 667
664 668 669
664 669 665
670 671 666
670 666 667
672 673 674
672 674 675
676 677 678
676 678 679
680 681 673
680 673 672
679 678 682
679 682 683
684 685 686
684 686 687
688 689 690
688 690 691
692 693 694
692 694 695
696 697 689
696 689 688
691 690 698
691 698 699
700 701 693
700 693 692
674 701 700
674 700 675
698 677 676
698 676 699
702 703 704
702 704 705
706 707 708
706 708 709
710 711 703
710 703 702
709 708 712
709 712 713
705 704 714
705 714 715
716 717 707
716 707 706
718 719 720
718 720 721
722 711 710
722 710 723
712 724 725
712 725 713
726 727 728
726 728 729
730 731 732
730 732 733
714 727 726
714 726 715
732 717 716
732 716 733
734 695 694
734 694 735
736 737 738
736 738 739
740 741 742
740 742 743
744 745 746
747 745 748
747 748 749
750 751 752
750 752 753
750 753 754
750 754 755
756 757 758
759 760 761
759 761 762
763 764 765
766 767 768
766 768 769
770 771 772
770 772 773
772 774 775
772 775 773
776 777 758
776 758 762
761 778 776
761 776 762
779 771 770
779 770 752
780 781 744
780 744 746
765 782 783
765 783 763
756 784 785
756 785 786
787 780 746
787 746 747
788 787 747
788 747 749
763 783 789
763 789 768
790 769 768
790 768 789
770 753 752
753 773 775
753 775 754
757 756 786
757 786 791
759 792 793
759 793 760
794 779 752
794 752 751
758 777 784
758 784 756
791 786 765
791 765 764
786 785 782
786 782 765
781 794 751
781 751 744
745 744 751
745 751 750
745 750 755
745 755 748
792 767 766
792 766 793
762 758 757
762 757 759
759 757 791
759 791 792
792 791 764
792 764 767
767 764 763
767 763 768
747 746 745
753 770 773
795 796 774
795 774 772
797 795 772
797 772 771
798 797 771
798 771 779
799 798 779
799 779 794
800 801 780
800 780 787
781 780 801
781 801 802
794 781 802
794 802 799
787 788 803
787 803 800
97 92 91
97 91 804
804 221 113
804 113 97
219 293 217
578 805 806
578 806 579
578 589 610
578 610 805
807 607 583
807 583 582
582 584 605
582 605 807
808 809 810
808 810 811
812 813 814
812 814 815
816 817 813
816 813 812
818 819 808
818 808 811
820 818 811
820 811 821
822 823 818
822 818 820
813 819 814
823 822 824
823 824 825
814 823 825
814 825 826
827 828 826
827 826 825
829 827 825
829 825 824
824 830 831
824 831 829
822 832 830
822 830 824
831 830 833
831 833 834
833 830 832
833 832 835
836 828 837
836 837 838
828 827 839
828 839 837
840 841 829
840 829 831
828 836 842
828 842 826
815 814 826
815 826 842
821 843 844
821 844 820
832 822 820
832 820 844
835 832 844
835 844 845
843 846 845
843 845 844
39 845 846
39 846 40
39 41 835
39 835 845
846 843 847
848 849 843
848 843 821
810 848 821
810 821 811
833 46 45
833 45 834
46 833 835
46 835 41
850 834 45
850 45 48
834 850 831
851 52 51
851 51 852
849 853 854
849 854 847
855 853 849
855 849 848
856 857 858
856 858 859
860 861 862
860 862 863
864 865 866
864 866 867
868 869 867
868 867 866
861 860 870
861 870 871
872 873 874
872 874 875
863 862 873
863 873 872
876 868 866
876 866 877
877 878 879
877 879 876
874 873 876
874 876 879
868 876 873
868 873 862
878 880 879
881 874 882
880 883 884
880 884 882
885 886 881
885 881 887
874 881 886
874 886 875
88 90 888
91 94 889
91 889 890
891 892 890
891 890 893
894 893 889
889 895 896
889 896 894
897 898 899
897 899 900
901 897 902
897 901 903
897 903 904
904 905 898
883 880 904
883 904 903
878 877 905
877 866 865
877 865 906
880 878 905
880 905 904
907 871 870
907 870 908
892 891 909
892 909 910
891 893 865
891 865 864
894 896 906
893 894 906
893 906 865
911 912 902
911 902 888
913 914 887
884 883 915
884 915 916
903 901 917
903 917 918
842 860 863
842 863 815
836 870 860
836 860 842
875 816 812
875 812 872
815 863 872
815 872 812
886 919 816
886 816 875
838 908 870
838 870 836
920 921 922
920 922 923
924 925 926
927 928 929
927 929 930
931 138 137
931 137 932
933 931 934
933 934 935
137 142 932
936 937 934
931 933 138
937 938 935
939 940 925
939 925 941
942 943 925
944 945 946
944 946 947
948 949 950
948 950 951
952 953 954
952 954 955
956 957 958
956 958 959
926 960 961
926 961 924
962 963 964
962 964 965
928 966 967
928 967 968
969 970 971
972 973 974
973 972 975
976 977 978
976 978 979
837 839 980
837 980 981
908 838 982
908 982 983
850 933 935
850 935 840
907 908 984
951 950 953
951 953 952
985 907 984
985 984 959
986 871 907
986 907 985
909 891 864
909 864 987
987 864 867
987 867 988
988 867 869
988 869 989
871 986 990
871 990 989
991 990 986
991 986 992
993 994 995
993 995 996
996 997 998
996 998 993
992 986 985
992 985 999
1000 1001 997
1000 997 996
1002 1003 954
1002 954 1004
838 837 981
838 981 982
1005 1006 1007
1008 1006 1005
1008 1009 1010
1009 219 218
1009 218 1010
989 990 1011
989 1011 988
1007 987 988
1007 988 1011
1006 909 987
1006 987 1007
1006 1010 910
1006 910 909
1010 218 221
1010 221 910
222 920 923
222 923 223
224 1012 1013
224 1013 225
921 1014 1015
921 1015 922
965 1016 1017
965 1017 962
1016 965 940
1016 940 939
1018 1019 962
1018 962 1017
1019 1020 963
1019 963 962
1021 1022 1023
1021 1023 1024
970 1021 1024
970 1024 1025
225 1013 920
1013 921 920
1014 971 1026
1014 1026 1015
1001 1000 943
1001 943 942
997 1001 1002
1004 998 997
998 1004 1027
1028 1029 1030
1028 1030 1027
1029 1028 1031
1029 1031 1032
947 1033 1034
947 1034 944
1035 1036 1037
1037 1038 1039
1037 1039 1035
1038 1040 1041
1038 1041 1039
1040 1042 1043
1040 1043 1041
1043 1042 1044
1043 1044 1045
1044 1046 1047
1044 1047 1045
1048 1047 1046
1048 1046 1049
1049 1050 1051
1049 1051 1048
1050 267 266
1050 266 1051
1052 1053 957
1052 957 956
956 1054 1036
944 1034 1032
944 1032 1031
1031 949 945
1031 945 944
935 841 840
989 869 861
989 861 871
862 861 869
862 869 868
859 858 1055
859 1055 1056
885 1057 919
885 919 886
882 884 887
882 887 881
817 816 919
817 919 1058
1058 919 1057
1058 1057 1059
1060 942 925
1060 925 924
924 961 1061
924 1061 1060
1001 942 1060
1001 1060 1002
1003 1002 1060
1003 1060 1061
1025 1026 971
1025 971 970
934 931 932
1062 957 1053
1062 1053 1063
957 1062 1064
957 1064 958
1065 999 958
1065 958 1064
995 992 999
995 999 1065
993 998 1030
993 1030 1066
1066 1030 1029
1066 1029 1067
1032 1068 1067
1032 1067 1029
1068 1032 1034
1068 1034 1069
1034 1070 1069
1033 1071 1070
1033 1070 1034
994 993 1066
994 1066 1072
1072 1066 1067
1072 1067 1073
1073 1067 1068
1073 1068 1074
1074 1068 1069
1074 1069 1075
1070 1076 1075
1071 293 1076
1071 1076 1070
994 991 992
994 992 995
991 994 1072
991 1072 1077
1073 1078 1077
1073 1077 1072
1074 1005 1078
1008 1005 1075
1009 1008 1076
959 958 999
959 999 985
990 991 1077
990 1077 1011
1078 1007 1011
1078 1011 1077
1079 1018 1017
1079 1017 1080
1080 1017 1016
1080 1016 1081
939 1063 1081
939 1081 1016
941 1062 1063
941 1063 939
1062 941 943
1064 943 1000
1064 1000 1065
1065 1000 996
1065 996 995
933 850 299
934 1082 936
1082 301 1083
1084 1085 1086
1086 1022 1084
1087 1088 1089
1087 1089 1090
968 1091 929
968 929 928
1020 1019 930
1020 930 929
977 976 1018
977 1018 1079
972 979 978
972 978 975
1082 932 142
938 937 1044
1044 1042 938
981 980 1042
981 1042 1040
1040 1038 982
1040 982 981
1038 1037 983
1038 983 982
1037 1054 983
1054 956 959
1054 959 984
938 980 841
839 827 829
839 829 841
1092 1093 1094
1095 851 854
1095 854 1096
1097 1098 857
1097 857 856
1099 855 848
1099 848 810
810 809 1100
810 1100 1099
883 903 918
883 918 915
971 1014 1013
971 1013 969
936 1083 1049
1049 1046 936
965 964 940
1101 960 1102
963 1103 1102
963 1102 964
1103 963 1020
1103 1020 1104
929 1091 1104
929 1104 1020
1019 1018 976
1019 976 930
979 927 930
979 930 976
927 979 972
927 972 966
966 1105 1106
966 1106 967
1106 1105 1087
1106 1087 1090
928 927 966
972 974 1105
972 1105 966
1084 974 1085
1107 1108 1109
1107 1109 1110
1111 1112 1113
1111 1113 1114
1047 1115 1116
1047 1116 1045
1117 1118 1119
1117 1119 1120
1052 1036 1121
1122 1123 1039
1043 1124 1125
1043 1125 1041
1121 1126 1052
1127 1128 1129
1127 1129 1130
1119 1109 1108
1119 1108 1120
1131 1132 1120
1131 1120 1108
1133 1134 1135
1133 1135 1136
1137 1138 1139
1140 1131 1108
1140 1108 1107
1141 1142 1111
1141 1111 1114
1143 1144 1145
1143 1145 1146
975 1147 1085
975 1085 973
1142 1141 1144
1142 1144 1143
1148 1149 1150
1148 1150 1151
1139 1152 1137
1125 1122 1039
1125 1039 1041
1153 1124 1043
1153 1043 1045
1154 1155 1156
1154 1156 1157
1130 1129 1079
1130 1079 1080
1158 1159 1160
1161 1160 1162
1163 1161 1164
1163 1164 1165
1166 1167 1168
1166 1168 1169
922 1168 1170
923 922 1170
1126 1081 1063
1126 1063 1053
1130 1080 1081
1130 1081 1126
1171 1086 1147
1172 1173 1174
1172 1174 1147
1171 1175 1158
1176 1177 1178
1176 1178 1179
1129 1128 1180
1129 1180 1181
1168 1140 1107
1168 1107 1170
1110 1182 1170
1110 1170 1107
1181 1180 1173
1181 1173 1172
1183 1184 1185
1183 1185 1186
1185 1156 1155
1185 1155 1187
1188 1189 1190
1188 1190 1191
1192 1191 1190
1192 1190 1193
1194 1195 1150
1194 1150 1149
1196 1197 1198
1196 1198 1199
1200 1201 1196
1200 1196 1202
1203 1126 1121
1188 1204 1183
1188 1183 1189
1140 1168 1167
1140 1167 1205
1205 1204 1131
1205 1131 1140
1204 1188 1132
1204 1132 1131
1191 1206 1132
1191 1132 1188
1135 1124 1153
1135 1153 1192
922 1015 1169
922 1169 1168
1161 1163 1026
1161 1026 1025
1160 1161 1025
1160 1025 1024
1160 1024 1023
1160 1023 1158
1158 1023 1086
1158 1086 1171
1163 1169 1015
1163 1015 1026
1165 1166 1169
1165 1169 1163
1207 1208 1166
1207 1166 1165
1172 978 977
1172 977 1181
1079 1129 1181
1079 1181 977
1147 1174 1171
1209 1175 1210
1125 1124 1135
1125 1135 1134
1134 1211 1122
1134 1122 1125
1123 1122 1211
1123 1211 1212
1121 1213 1214
1207 1215 1114
1207 1114 1113
1216 1217 1218
1212 1211 1219
1212 1219 1220
1221 1141 1114
1221 1114 1215
1144 1222 1209
1144 1209 1145
1222 1144 1141
1222 1141 1221
1214 1223 1224
1211 1134 1133
1211 1133 1219
1157 1156 1225
1157 1225 1208
1176 1210 1226
1176 1226 1177
1187 1227 1186
1187 1186 1185
1225 1184 1205
1225 1205 1167
1228 1229 1230
1228 1230 1231
1232 1216 1233
1234 1214 1224
1202 1196 1199
1202 1199 1235
1236 1180 1128
1236 1128 1197
1112 1154 1157
1112 1157 1113
1146 1145 1176
1146 1176 1179
1036 1035 1213
1212 1223 1123
1223 1212 1237
1151 1238 1138
1151 1138 1148
1203 1127 1126
1234 1198 1203
1194 1235 1199
1194 1199 1195
1047 1048 1117
1047 1117 1115
1172 1147 975
1172 975 978
1048 1051 1118
1048 1118 1117
1118 459 458
1118 458 1119
1115 1117 1120
1115 1120 1132
1218 1152 1133
1218 1133 1136
1184 1183 1204
1184 1204 1205
1230 1229 1190
1230 1190 1189
1218 1136 1193
1218 1193 1233
1198 1197 1127
1186 1230 1189
1186 1189 1183
1113 1157 1208
1113 1208 1207
1145 1209 1210
1145 1210 1176
1165 1164 1215
1165 1215 1207
1139 1238 1220
1139 1220 1219
1215 1164 1162
1215 1162 1221
1222 1159 1209
1159 1222 1162
1224 1237 1150
1152 1139 1219
1152 1219 1133
1167 1166 1208
1167 1208 1225
1210 1174 1226
1184 1225 1156
1184 1156 1185
1224 1150 1195
1197 1196 1201
1197 1201 1236
1238 1151 1237
1238 1237 1220
1195 1199 1198
1195 1198 1234
1178 1177 1201
1178 1201 1200
1177 1226 1236
1177 1236 1201
1180 1236 1226
1180 1226 1173
895 889 460
851 1095 461
851 461 52
267 1050 462
1110 1109 464
1110 464 463
464 1109 1119
464 1119 458
1051 266 459
1051 459 1118
1182 465 223
1182 223 923
463 465 1182
463 1182 1110
900 899 466
900 466 88
1082 1083 936
301 462 1083
467 1239 1012
467 1012 224
40 846 852
1240 1241 1084
1240 1084 1022
1021 1240 1022
1056 1055 1093
1056 1093 1092
887 884 916
887 916 913
974 1241 1087
974 1087 1105
1084 1241 974
1088 1087 1241
1239 1242 1243
1239 1243 1012
1012 1243 969
1012 969 1013
921 1013 1014
970 969 1240
970 1240 1021
1088 1240 1243
1088 1243 1242
1088 1242 1089
888 90 473
888 473 911
1244 1245 1246
1244 1246 1247
1248 1249 1250
1251 1245 1244
1252 1253 1254
1255 1256 1257
1258 1259 1246
1258 1246 1260
1261 1262 1263
1264 1260 1265
1266 1267 1268
1266 1269 1267
1270 1271 1272
1260 1264 1258
1246 1259 1247
1273 1245 1251
1273 1251 1274
1275 1274 1276
1276 1277 1278
1276 1278 1275
1261 1272 1271
1261 1271 1262
1265 1279 1280
1254 1253 1271
1254 1271 1270
1250 1249 1253
1250 1253 1252
1256 1249 1248
1256 1248 1257
1255 1268 1267
1255 1267 1256
1262 1278 1263
1263 1278 1277
1264 1265 1280
1281 1282 1283
1284 1285 1286
1284 1286 1287
1288 1285 1289
1288 1289 1290
1291 1292 1293
1291 1293 1294
1295 1296 1297
1295 1297 1298
1297 1296 1299
1297 1299 1300
1301 1302 1303
1283 1282 1302
1283 1302 1301
1292 1288 1290
1292 1290 1293
1304 1305 1306
1304 1306 1307
1295 1298 1282
1295 1282 1281
1285 1284 1289
1308 1307 1302
1308 1302 1309
1288 1292 1310
1288 1310 1311
1285 1288 1311
1285 1311 1312
1313 1297 1300
1313 1300 1314
1315 1282 1298
1315 1298 1316
1317 1310 1292
1317 1292 1291
1312 1311 1318
1312 1318 1319
1320 1316 1313
1320 1313 1321
1310 1317 1322
1310 1322 1323
1321 1313 1314
1321 1314 1324
1325 1326 1327
1325 1327 1328
1329 1330 1331
1329 1331 1332
1333 1334 1327
1333 1327 1335
1336 1330 1337
1336 1337 1338
1332 1331 1339
1332 1339 1340
1341 1325 1328
1341 1328 1342
1343 1338 1344
1343 1344 1345
1346 1347 1336
1348 1349 1350
1348 1350 1351
1326 1325 1352
1291 1353 1354
1291 1354 1317
1317 1354 1355
1317 1355 1322
1356 1357 1337
1356 1337 1358
1359 1333 1335
1359 1335 1360
1315 1361 1362
1315 1362 1309
1345 1344 1363
1345 1363 1364
1326 1352 1349
1326 1349 1348
1346 1336 1338
1346 1338 1343
1352 1325 1341
1365 1347 1346
1359 1362 1333
1333 1361 1320
1333 1320 1334
1334 1320 1321
1334 1321 1366
1366 1321 1324
1366 1324 1367
1340 1368 1319
1340 1319 1332
1319 1318 1329
1319 1329 1332
1323 1322 1358
1323 1358 1329
1356 1358 1322
1356 1322 1355
1312 1369 1286
1312 1286 1285
1308 1370 1304
1308 1304 1307
1371 1372 1357
1371 1357 1356
1373 1374 1370
1373 1370 1308
1359 1375 1374
1359 1374 1373
1355 1376 1371
1355 1371 1356
1353 1294 1377
1291 1294 1353
1378 1353 1379
1378 1379 1380
1316 1298 1297
1316 1297 1313
1320 1361 1315
1320 1315 1316
1311 1310 1323
1311 1323 1318
1318 1323 1329
1319 1368 1369
1319 1369 1312
1362 1373 1308
1362 1308 1309
1309 1302 1282
1309 1282 1315
1359 1373 1362
1362 1361 1333
1328 1327 1334
1328 1334 1366
1347 1331 1330
1347 1330 1336
1348 1335 1327
1348 1327 1326
1358 1337 1330
1358 1330 1329
1365 1339 1331
1365 1331 1347
1342 1328 1366
1342 1366 1367
1338 1337 1357
1338 1357 1344
1351 1360 1335
1351 1335 1348
1344 1357 1372
1344 1372 1363
1360 1381 1375
1360 1375 1359
1099 1382 1383
1099 1383 855
1384 1385 1386
1384 1386 1387
1388 1094 1389
1390 1391 1392
1390 1392 1393
1394 1395 1396
1394 1396 1397
1100 1398 1382
1100 1382 1099
1057 885 1399
1057 1399 1400
1401 1098 1097
1401 1097 1402
855 1383 1403
855 1403 853
1391 1394 1397
1391 1397 1392
1404 1405 1406
1404 1406 1407
1389 1390 1393
1389 1393 1388
1387 1408 1409
1387 1409 1384
1410 946 945
1410 945 1411
1028 950 949
1028 949 1031
1004 954 953
1004 953 1027
1412 961 960
1412 960 1101
1027 953 950
1027 950 1028
955 954 1003
955 1003 1413
1411 945 949
1411 949 948
1414 1061 961
1414 961 1412
1413 1003 1061
1413 1061 1414
964 1102 960
964 960 926
1005 1007 1078
1008 1010 1006
1229 1228 1232
1229 1232 1233
1265 1269 1279
1267 1269 1265
1094 1093 1415
1416 1094 1417
1094 1416 1389
1094 1415 1417
887 914 1399
887 1399 885
1057 1400 1418
1057 1418 1059
1058 1059 1100
1058 1100 809
1100 1059 1418
1100 1418 1398
1058 809 808
1058 808 817
817 808 819
817 819 813
823 819 818
814 819 823
1214 1213 1223
1192 1193 1136
1192 1136 1135
1191 1192 1153
1191 1153 1206
1229 1233 1193
1229 1193 1190
1206 1116 1115
1206 1115 1132
1153 1045 1116
1153 1116 1206
1171 1174 1175
1085 974 973
1147 1086 1085
1203 1198 1127
1162 1222 1221
1160 1159 1162
1203 1121 1214
1224 1223 1237
1213 1035 1123
1039 1123 1035
997 1002 1004
998 1027 1030
1127 1197 1128
1224 1195 1234
1214 1234 1203
1137 1152 1217
1139 1138 1238
1231 1230 1186
1231 1186 1227
940 964 926
1218 1217 1152
1233 1216 1218
293 1009 1076
1076 1008 1075
1075 1005 1074
1074 1078 1073
1070 1075 1069
1062 943 1064
1052 1126 1053
1126 1127 1130
1150 1237 1151
1237 1212 1220
1123 1223 1213
1121 1036 1213
1037 1036 1054
984 908 983
983 1054 984
847 854 851
847 851 852
1096 854 853
1096 853 1403
1406 1401 1402
1406 1402 1407
1303 1307 1306
1303 1302 1307
846 847 852
847 843 849
40 852 51
901 902 912
901 912 917
1395 1386 1385
1395 1385 1396
1353 1377 1379
902 900 888
902 897 900
88 888 900
895 899 898
895 898 896
460 466 899
460 899 895
904 898 897
898 905 896
889 893 890
906 896 905
905 877 906
879 880 882
882 874 879
923 1170 1182
1419 1420 1421
1419 1421 1422
1420 1423 1424
1420 1424 1421
1425 1426 1427
1425 1427 1428
1429 1426 1425
1429 1425 1430
1430 1419 1422
1430 1422 1429
1431 1432 1433
1431 1433 1434
1433 1435 1436
1433 1436 1434
1437 1438 1432
1437 1432 1431
1436 1435 1439
1436 1439 1440
1441 1438 1437
1441 1437 1442
1443 1444 1445
1443 1445 1446
1447 1448 1449
1447 1449 1450
1451 1443 1446
1451 1446 1452
1448 1453 1454
1448 1454 1449
1455 1456 1457
1455 1457 1458
1459 1460 1461
1459 1461 1462
1463 1464 1465
1463 1465 1466
1467 1459 1462
1467 1462 1468
1460 1469 1470
1460 1470 1461
1471 1463 1466
1471 1466 1472
1445 1444 1471
1445 1471 1472
1470 1469 1447
1470 1447 1450
1473 1474 1475
1473 1475 1476
1477 1478 1479
1477 1479 1480
1481 1473 1476
1481 1476 1482
1478 1483 1484
1478 1484 1479
1474 1485 1486
1474 1486 1475
1487 1477 1480
1487 1480 1488
1489 1490 1491
1489 1491 1492
1493 1494 1481
1493 1481 1482
1484 1483 1495
1484 1495 1496
1497 1498 1499
1497 1499 1500
1501 1502 1503
1501 1503 1504
1486 1485 1497
1486 1497 1500
1503 1502 1487
1503 1487 1488
1505 1506 1465
1505 1465 1464
1507 1508 1509
1507 1509 1510
1511 1512 1513
1511 1513 1514
1515 1516 1517
1518 1519 1520
1518 1520 1517
1521 1522 1523
1521 1523 1524
1521 1525 1526
1521 1526 1522
1527 1528 1529
1530 1531 1532
1530 1532 1533
1534 1535 1536
1537 1538 1539
1537 1539 1540
1541 1542 1543
1541 1543 1544
1543 1542 1545
1543 1545 1546
1547 1531 1528
1547 1528 1548
1532 1531 1547
1532 1547 1549
1550 1523 1541
1550 1541 1544
1551 1516 1515
1551 1515 1552
1535 1534 1553
1535 1553 1554
1527 1555 1556
1527 1556 1557
1558 1518 1516
1558 1516 1551
1559 1519 1518
1559 1518 1558
1534 1539 1560
1534 1560 1553
1561 1560 1539
1561 1539 1538
1541 1523 1522
1522 1526 1545
1522 1545 1542
1529 1562 1555
1529 1555 1527
1530 1533 1563
1530 1563 1564
1565 1524 1523
1565 1523 1550
1528 1527 1557
1528 1557 1548
1562 1536 1535
1562 1535 1555
1555 1535 1554
1555 1554 1556
1552 1515 1524
1552 1524 1565
1517 1521 1524
1517 1524 1515
1517 1520 1525
1517 1525 1521
1564 1563 1537
1564 1537 1540
1531 1530 1529
1531 1529 1528
1530 1564 1562
1530 1562 1529
1564 1540 1536
1564 1536 1562
1540 1539 1534
1540 1534 1536
1518 1517 1516
1522 1542 1541
1566 1543 1546
1566 1546 1567
1568 1544 1543
1568 1543 1566
1569 1550 1544
1569 1544 1568
1570 1565 1550
1570 1550 1569
1571 1558 1551
1571 1551 1572
1552 1573 1572
1552 1572 1551
1565 1570 1573
1565 1573 1552
1558 1571 1574
1558 1574 1559
892 804 91
892 91 890
804 892 910
804 910 221
219 1009 293
1351 1350 1575
1351 1575 1576
1351 1576 1381
1351 1381 1360
1577 1354 1353
1577 1353 1378
1354 1577 1376
1354 1376 1355
225 124 226
225 920 222
469 471 176
1243 1240 969
308 470 305
1088 1241 1240
956 1036 1052
163 251 310
926 925 940
130 129 148
925 943 941
150 130 147
1158 1175 1159
394 377 379
1022 1086 1023
1210 1175 1174
394 429 392
1209 1159 1175
380 382 378
1161 1162 1164
303 238 237
392 445 393
1226 1174 1173
277 142 136
1082 142 301
139 138 299
138 933 299
47 22 32
831 850 840
1049 1083 1050
300 263 265
261 143 144
936 1046 937
934 937 935
144 141 140
935 938 841
145 140 33
141 136 135
934 932 1082
257 145 188
938 1042 980
144 259 261
1044 937 1046
462 1050 1083
265 462 300
188 33 31
841 980 839
93 460 94
460 889 94
47 299 48
299 850 48
